Index,CurrentCost,TotalCost,CurrentPackets,TotalPackets, TrafficIntensity
1,2100,2100,46,46,46
2,600,2700,22,68,34
3,620,3320,23,91,30.3333
4,570,3890,20,111,27.75
5,600,4490,22,133,26.6
6,620,5110,23,156,26
7,600,5710,22,178,25.4286
8,580,6290,21,199,24.875
9,600,6890,22,221,24.5556
10,600,7490,22,243,24.3
11,640,8130,24,267,24.2727
12,620,8750,23,290,24.1667
13,620,9370,23,313,24.0769
14,620,9990,23,336,24
15,620,10610,23,359,23.9333
16,600,11210,22,381,23.8125
17,620,11830,23,404,23.7647
18,640,12470,24,428,23.7778
19,600,13070,22,450,23.6842
20,620,13690,23,473,23.65
21,720,14410,24,497,23.6667
22,720,15130,24,521,23.6818
23,600,15730,22,543,23.6087
24,620,16350,23,566,23.5833
25,620,16970,23,589,23.56
26,640,17610,24,613,23.5769
27,620,18230,23,636,23.5556
28,620,18850,23,659,23.5357
29,600,19450,22,681,23.4828
30,600,20050,22,703,23.4333
31,620,20670,23,726,23.4194
32,620,21290,23,749,23.4062
33,630,21920,24,773,23.4242
34,620,22540,23,796,23.4118
35,720,23260,24,820,23.4286
36,620,23880,23,843,23.4167
37,620,24500,23,866,23.4054
38,730,25230,25,891,23.4474
39,620,25850,23,914,23.4359
40,600,26450,22,936,23.4
41,600,27050,22,958,23.3659
42,620,27670,23,981,23.3571
43,720,28390,24,1005,23.3721
44,620,29010,23,1028,23.3636
45,600,29610,22,1050,23.3333
46,620,30230,23,1073,23.3261
47,620,30850,23,1096,23.3191
48,620,31470,23,1119,23.3125
49,700,32170,23,1142,23.3061
50,610,32780,23,1165,23.3
51,580,33360,21,1186,23.2549
52,580,33940,21,1207,23.2115
53,600,34540,22,1229,23.1887
54,580,35120,21,1250,23.1481
55,610,35730,23,1273,23.1455
56,580,36310,21,1294,23.1071
57,590,36900,22,1316,23.0877
58,580,37480,21,1337,23.0517
59,590,38070,22,1359,23.0339
60,560,38630,20,1379,22.9833
61,580,39210,21,1400,22.9508
62,580,39790,21,1421,22.9194
63,480,40270,20,1441,22.873
64,580,40850,21,1462,22.8438
65,580,41430,21,1483,22.8154
66,490,41920,21,1504,22.7879
67,580,42500,21,1525,22.7612
68,560,43060,20,1545,22.7206
69,600,43660,22,1567,22.7101
70,540,44200,19,1586,22.6571
71,580,44780,21,1607,22.6338
72,460,45240,19,1626,22.5833
73,560,45800,20,1646,22.5479
74,560,46360,20,1666,22.5135
75,570,46930,21,1687,22.4933
76,580,47510,21,1708,22.4737
77,560,48070,20,1728,22.4416
78,540,48610,19,1747,22.3974
79,540,49150,19,1766,22.3544
80,440,49590,18,1784,22.3
81,440,50030,18,1802,22.2469
82,440,50470,18,1820,22.1951
83,460,50930,19,1839,22.1566
84,460,51390,19,1858,22.119
85,560,51950,20,1878,22.0941
86,440,52390,18,1896,22.0465
87,540,52930,19,1915,22.0115
88,460,53390,19,1934,21.9773
89,440,53830,18,1952,21.9326
90,440,54270,18,1970,21.8889
91,420,54690,17,1987,21.8352
92,410,55100,16,2003,21.7717
93,420,55520,17,2020,21.7204
94,420,55940,17,2037,21.6702
95,400,56340,16,2053,21.6105
96,420,56760,17,2070,21.5625
97,420,57180,17,2087,21.5155
98,520,57700,18,2105,21.4796
99,420,58120,17,2122,21.4343
100,420,58540,17,2139,21.39
101,380,58920,15,2154,21.3267
102,380,59300,15,2169,21.2647
103,380,59680,15,2184,21.2039
104,380,60060,15,2199,21.1442
105,380,60440,15,2214,21.0857
106,370,60810,14,2228,21.0189
107,370,61180,14,2242,20.9533
108,370,61550,14,2256,20.8889
109,360,61910,13,2269,20.8165
110,270,62180,13,2282,20.7455
111,340,62520,12,2294,20.6667
112,370,62890,14,2308,20.6071
113,270,63160,13,2321,20.5398
114,350,63510,13,2334,20.4737
115,350,63860,13,2347,20.4087
116,370,64230,14,2361,20.3534
117,330,64560,12,2373,20.2821
118,230,64790,11,2384,20.2034
119,250,65040,12,2396,20.1345
120,340,65380,12,2408,20.0667
121,240,65620,11,2419,19.9917
122,360,65980,13,2432,19.9344
123,240,66220,11,2443,19.8618
124,240,66460,11,2454,19.7903
125,220,66680,10,2464,19.712
126,220,66900,10,2474,19.6349
127,220,67120,10,2484,19.5591
128,220,67340,10,2494,19.4844
129,110,67450,8,2502,19.3953
130,200,67650,9,2511,19.3154
131,210,67860,9,2520,19.2366
132,110,67970,8,2528,19.1515
133,210,68180,9,2537,19.0752
134,210,68390,9,2546,19
135,110,68500,8,2554,18.9185
136,80,68580,6,2560,18.8235
137,110,68690,8,2568,18.7445
138,210,68900,9,2577,18.6739
139,90,68990,7,2584,18.5899
140,90,69080,7,2591,18.5071
141,90,69170,7,2598,18.4255
142,90,69260,7,2605,18.3451
143,160,69420,6,2611,18.2587
144,60,69480,5,2616,18.1667
145,80,69560,6,2622,18.0828
146,80,69640,6,2628,18
147,80,69720,6,2634,17.9184
148,60,69780,5,2639,17.8311
149,90,69870,7,2646,17.7584
150,80,69950,6,2652,17.68
151,60,70010,5,2657,17.596
152,60,70070,5,2662,17.5132
153,60,70130,5,2667,17.4314
154,160,70290,6,2673,17.3571
155,60,70350,5,2678,17.2774
156,80,70430,6,2684,17.2051
157,60,70490,5,2689,17.1274
158,60,70550,5,2694,17.0506
159,50,70600,4,2698,16.9686
160,50,70650,4,2702,16.8875
161,50,70700,4,2706,16.8075
162,70,70770,5,2711,16.7346
163,70,70840,5,2716,16.6626
164,80,70920,6,2722,16.5976
165,70,70990,5,2727,16.5273
166,170,71160,6,2733,16.4639
167,170,71330,6,2739,16.4012
168,160,71490,5,2744,16.3333
169,140,71630,4,2748,16.2604
170,40,71670,3,2751,16.1824
171,160,71830,5,2756,16.117
172,160,71990,5,2761,16.0523
173,260,72250,6,2767,15.9942
174,180,72430,6,2773,15.9368
175,160,72590,5,2778,15.8743
176,60,72650,3,2781,15.8011
177,170,72820,5,2786,15.7401
178,170,72990,5,2791,15.6798
179,170,73160,5,2796,15.6201
180,170,73330,5,2801,15.5611
181,170,73500,5,2806,15.5028
182,150,73650,4,2810,15.4396
183,280,73930,7,2817,15.3934
184,270,74200,6,2823,15.3424
185,160,74360,4,2827,15.2811
186,240,74600,4,2831,15.2204
187,280,74880,6,2837,15.1711
188,280,75160,6,2843,15.1223
189,280,75440,6,2849,15.0741
190,280,75720,6,2855,15.0263
191,260,75980,5,2860,14.9738
192,280,76260,6,2866,14.9271
193,260,76520,5,2871,14.8756
194,260,76780,5,2876,14.8247
195,260,77040,5,2881,14.7744
196,260,77300,5,2886,14.7245
197,240,77540,4,2890,14.6701
198,280,77820,6,2896,14.6263
199,300,78120,7,2903,14.5879
200,260,78380,5,2908,14.54
201,300,78680,7,2915,14.5025
202,300,78980,7,2922,14.4653
203,300,79280,7,2929,14.4286
204,300,79580,7,2936,14.3922
205,400,79980,8,2944,14.361
206,300,80280,7,2951,14.3252
207,300,80580,7,2958,14.2899
208,320,80900,8,2966,14.2596
209,320,81220,8,2974,14.2297
210,300,81520,7,2981,14.1952
211,320,81840,8,2989,14.1659
212,330,82170,9,2998,14.1415
213,320,82490,8,3006,14.1127
214,320,82810,8,3014,14.0841
215,340,83150,9,3023,14.0605
216,360,83510,11,3034,14.0463
217,370,83880,11,3045,14.0323
218,350,84230,10,3055,14.0138
219,460,84690,12,3067,14.0046
220,460,85150,12,3079,13.9955
221,350,85500,10,3089,13.9774
222,450,85950,11,3100,13.964
223,460,86410,12,3112,13.9552
224,430,86840,10,3122,13.9375
225,460,87300,12,3134,13.9289
226,460,87760,12,3146,13.9204
227,480,88240,13,3159,13.9163
228,460,88700,12,3171,13.9079
229,380,89080,12,3183,13.8996
230,360,89440,11,3194,13.887
231,460,89900,12,3206,13.8788
232,490,90390,14,3220,13.8793
233,490,90880,14,3234,13.8798
234,490,91370,14,3248,13.8803
235,460,91830,12,3260,13.8723
236,490,92320,14,3274,13.8729
237,520,92840,16,3290,13.8819
238,490,93330,14,3304,13.8824
239,490,93820,14,3318,13.8828
240,490,94310,14,3332,13.8833
241,490,94800,14,3346,13.8838
242,500,95300,15,3361,13.8884
243,500,95800,15,3376,13.893
244,500,96300,15,3391,13.8975
245,520,96820,16,3407,13.9061
246,520,97340,16,3423,13.9146
247,640,97980,18,3441,13.9312
248,520,98500,16,3457,13.9395
249,520,99020,16,3473,13.9478
250,500,99520,15,3488,13.952
251,540,100060,17,3505,13.9641
252,560,100620,18,3523,13.9802
253,560,101180,18,3541,13.996
254,540,101720,17,3558,14.0079
255,570,102290,19,3577,14.0275
256,580,102870,19,3596,14.0469
257,660,103530,19,3615,14.0661
258,560,104090,18,3633,14.0814
259,560,104650,18,3651,14.0965
260,550,105200,18,3669,14.1115
261,550,105750,18,3687,14.1264
262,570,106320,19,3706,14.145
263,560,106880,18,3724,14.1597
264,570,107450,19,3743,14.178
265,560,108010,18,3761,14.1925
266,590,108600,20,3781,14.2143
267,570,109170,19,3800,14.2322
268,570,109740,19,3819,14.25
269,670,110410,20,3839,14.2714
270,580,110990,20,3859,14.2926
271,580,111570,20,3879,14.3137
272,540,112110,18,3897,14.3272
273,580,112690,20,3917,14.348
274,580,113270,20,3937,14.3686
275,590,113860,21,3958,14.3927
276,580,114440,20,3978,14.413
277,590,115030,21,3999,14.4368
278,600,115630,21,4020,14.4604
279,580,116210,20,4040,14.4803
280,560,116770,19,4059,14.4964
281,610,117380,22,4081,14.5231
282,590,117970,21,4102,14.5461
283,590,118560,21,4123,14.5689
284,590,119150,21,4144,14.5915
285,590,119740,21,4165,14.614
286,690,120430,22,4187,14.6399
287,590,121020,21,4208,14.662
288,590,121610,21,4229,14.684
289,570,122180,20,4249,14.7024
290,590,122770,21,4270,14.7241
291,580,123350,20,4290,14.7423
292,590,123940,21,4311,14.7637
293,590,124530,21,4332,14.785
294,570,125100,20,4352,14.8027
295,600,125700,22,4374,14.8271
296,620,126320,23,4397,14.8547
297,600,126920,22,4419,14.8788
298,600,127520,22,4441,14.9027
299,600,128120,22,4463,14.9264
300,720,128840,24,4487,14.9567
301,600,129440,22,4509,14.9801
302,600,130040,22,4531,15.0033
303,600,130640,22,4553,15.0264
304,580,131220,21,4574,15.0461
305,590,131810,21,4595,15.0656
306,600,132410,22,4617,15.0882
307,600,133010,22,4639,15.1107
308,620,133630,23,4662,15.1364
309,620,134250,23,4685,15.1618
310,600,134850,22,4707,15.1839
311,620,135470,23,4730,15.209
312,620,136090,23,4753,15.234
313,620,136710,23,4776,15.2588
314,630,137340,24,4800,15.2866
315,630,137970,24,4824,15.3143
316,600,138570,22,4846,15.3354
317,640,139210,24,4870,15.3628
318,620,139830,23,4893,15.3868
319,620,140450,23,4916,15.4107
320,620,141070,23,4939,15.4344
321,720,141790,24,4963,15.4611
322,740,142530,25,4988,15.4907
323,620,143150,23,5011,15.5139
324,620,143770,23,5034,15.537
325,630,144400,24,5058,15.5631
326,620,145020,23,5081,15.5859
327,600,145620,22,5103,15.6055
328,620,146240,23,5126,15.628
329,720,146960,24,5150,15.6535
330,620,147580,23,5173,15.6758
331,580,148160,21,5194,15.6918
332,720,148880,24,5218,15.7169
333,620,149500,23,5241,15.7387
334,720,150220,24,5265,15.7635
335,620,150840,23,5288,15.7851
336,620,151460,23,5311,15.8065
337,720,152180,24,5335,15.8309
338,630,152810,24,5359,15.855
339,640,153450,24,5383,15.8791
340,620,154070,23,5406,15.9
341,620,154690,23,5429,15.9208
342,620,155310,23,5452,15.9415
343,620,155930,23,5475,15.9621
344,620,156550,23,5498,15.9826
345,620,157170,23,5521,16.0029
346,600,157770,22,5543,16.0202
347,640,158410,24,5567,16.0432
348,620,159030,23,5590,16.0632
349,560,159590,20,5610,16.0745
350,610,160200,23,5633,16.0943
351,600,160800,22,5655,16.1111
352,600,161400,22,5677,16.1278
353,580,161980,21,5698,16.1416
354,600,162580,22,5720,16.1582
355,600,163180,22,5742,16.1746
356,580,163760,21,5763,16.1882
357,600,164360,22,5785,16.2045
358,610,164970,23,5808,16.2235
359,580,165550,21,5829,16.2368
360,600,166150,22,5851,16.2528
361,580,166730,21,5872,16.2659
362,580,167310,21,5893,16.279
363,580,167890,21,5914,16.292
364,560,168450,20,5934,16.3022
365,580,169030,21,5955,16.3151
366,590,169620,22,5977,16.3306
367,580,170200,21,5998,16.3433
368,590,170790,22,6020,16.3587
369,590,171380,22,6042,16.374
370,560,171940,20,6062,16.3838
371,560,172500,20,6082,16.3935
372,580,173080,21,6103,16.4059
373,520,173600,18,6121,16.4102
374,560,174160,20,6141,16.4198
375,560,174720,20,6161,16.4293
376,560,175280,20,6181,16.4388
377,560,175840,20,6201,16.4483
378,560,176400,20,6221,16.4577
379,580,176980,21,6242,16.4697
380,560,177540,20,6262,16.4789
381,460,178000,19,6281,16.4856
382,440,178440,18,6299,16.4895
383,470,178910,20,6319,16.4987
384,460,179370,19,6338,16.5052
385,440,179810,18,6356,16.5091
386,440,180250,18,6374,16.513
387,440,180690,18,6392,16.5168
388,420,181110,17,6409,16.518
389,440,181550,18,6427,16.5219
390,420,181970,17,6444,16.5231
391,420,182390,17,6461,16.5243
392,420,182810,17,6478,16.5255
393,420,183230,17,6495,16.5267
394,420,183650,17,6512,16.5279
395,440,184090,18,6530,16.5316
396,420,184510,17,6547,16.5328
397,420,184930,17,6564,16.534
398,420,185350,17,6581,16.5352
399,420,185770,17,6598,16.5363
400,420,186190,17,6615,16.5375
401,380,186570,15,6630,16.5337
402,380,186950,15,6645,16.5299
403,380,187330,15,6660,16.5261
404,380,187710,15,6675,16.5223
405,380,188090,15,6690,16.5185
406,350,188440,13,6703,16.5099
407,270,188710,13,6716,16.5012
408,270,188980,13,6729,16.4926
409,370,189350,14,6743,16.4866
410,270,189620,13,6756,16.478
411,370,189990,14,6770,16.472
412,370,190360,14,6784,16.466
413,400,190760,16,6800,16.4649
414,350,191110,13,6813,16.4565
415,350,191460,13,6826,16.4482
416,350,191810,13,6839,16.4399
417,350,192160,13,6852,16.4317
418,250,192410,12,6864,16.4211
419,250,192660,12,6876,16.4105
420,140,192800,10,6886,16.3952
421,240,193040,11,6897,16.3824
422,260,193300,12,6909,16.372
423,270,193570,13,6922,16.3641
424,240,193810,11,6933,16.3514
425,240,194050,11,6944,16.3388
426,220,194270,10,6954,16.3239
427,320,194590,11,6965,16.3115
428,240,194830,11,6976,16.2991
429,340,195170,12,6988,16.289
430,310,195480,11,6999,16.2767
431,110,195590,8,7007,16.2575
432,210,195800,9,7016,16.2407
433,210,196010,9,7025,16.224
434,210,196220,9,7034,16.2074
435,110,196330,8,7042,16.1885
436,110,196440,8,7050,16.1697
437,110,196550,8,7058,16.151
438,110,196660,8,7066,16.1324
439,90,196750,7,7073,16.1116
440,90,196840,7,7080,16.0909
441,80,196920,6,7086,16.068
442,80,197000,6,7092,16.0452
443,80,197080,6,7098,16.0226
444,200,197280,8,7106,16.0045
445,80,197360,6,7112,15.982
446,80,197440,6,7118,15.9596
447,80,197520,6,7124,15.9374
448,80,197600,6,7130,15.9152
449,100,197700,7,7137,15.8953
450,60,197760,5,7142,15.8711
451,60,197820,5,7147,15.847
452,80,197900,6,7153,15.8252
453,60,197960,5,7158,15.8013
454,160,198120,6,7164,15.7797
455,150,198270,5,7169,15.756
456,60,198330,5,7174,15.7325
457,60,198390,5,7179,15.709
458,60,198450,5,7184,15.6856
459,40,198490,3,7187,15.658
460,40,198530,3,7190,15.6304
461,50,198580,4,7194,15.6052
462,70,198650,5,7199,15.5823
463,50,198700,4,7203,15.5572
464,170,198870,6,7209,15.5366
465,170,199040,6,7215,15.5161
466,150,199190,5,7220,15.4936
467,160,199350,5,7225,15.4711
468,160,199510,5,7230,15.4487
469,160,199670,5,7235,15.4264
470,160,199830,5,7240,15.4043
471,160,199990,5,7245,15.3822
472,60,200050,4,7249,15.3581
473,160,200210,5,7254,15.3362
474,60,200270,4,7258,15.3122
475,280,200550,7,7265,15.2947
476,170,200720,5,7270,15.2731
477,170,200890,5,7275,15.2516
478,280,201170,7,7282,15.2343
479,170,201340,5,7287,15.2129
480,180,201520,5,7292,15.1917
481,170,201690,5,7297,15.1705
482,180,201870,5,7302,15.1494
483,250,202120,5,7307,15.1284
484,260,202380,5,7312,15.1074
485,260,202640,5,7317,15.0866
486,150,202790,4,7321,15.0638
487,240,203030,4,7325,15.0411
488,320,203350,8,7333,15.0266
489,260,203610,5,7338,15.0061
490,280,203890,6,7344,14.9878
491,260,204150,5,7349,14.9674
492,280,204430,6,7355,14.9492
493,260,204690,5,7360,14.929
494,260,204950,5,7365,14.9089
495,260,205210,5,7370,14.8889
496,280,205490,6,7376,14.871
497,260,205750,5,7381,14.8511
498,260,206010,5,7386,14.8313
499,280,206290,6,7392,14.8136
500,260,206550,5,7397,14.794
501,300,206850,7,7404,14.7784
502,300,207150,7,7411,14.7629
503,320,207470,8,7419,14.7495
504,300,207770,7,7426,14.7341
505,300,208070,7,7433,14.7188
506,300,208370,7,7440,14.7036
507,300,208670,7,7447,14.6884
508,300,208970,7,7454,14.6732
509,330,209300,9,7463,14.6621
510,320,209620,8,7471,14.649
511,400,210020,8,7479,14.636
512,320,210340,8,7487,14.623
513,300,210640,7,7494,14.6082
514,320,210960,8,7502,14.5953
515,340,211300,9,7511,14.5845
516,350,211650,10,7521,14.5756
517,370,212020,11,7532,14.5687
518,350,212370,10,7542,14.5598
519,350,212720,10,7552,14.5511
520,450,213170,11,7563,14.5442
521,450,213620,11,7574,14.5374
522,450,214070,11,7585,14.5307
523,470,214540,12,7597,14.5258
524,430,214970,10,7607,14.5172
525,360,215330,11,7618,14.5105
526,460,215790,12,7630,14.5057
527,440,216230,11,7641,14.4991
528,450,216680,11,7652,14.4924
529,480,217160,13,7665,14.4896
530,430,217590,10,7675,14.4811
531,480,218070,13,7688,14.4783
532,460,218530,12,7700,14.4737
533,490,219020,14,7714,14.4728
534,490,219510,14,7728,14.4719
535,490,220000,14,7742,14.471
536,490,220490,14,7756,14.4701
537,490,220980,14,7770,14.4693
538,520,221500,16,7786,14.4721
539,490,221990,14,7800,14.4712
540,490,222480,14,7814,14.4704
541,480,222960,13,7827,14.4677
542,400,223360,14,7841,14.4668
543,500,223860,15,7856,14.4678
544,500,224360,15,7871,14.4688
545,540,224900,17,7888,14.4734
546,520,225420,16,7904,14.4762
547,540,225960,17,7921,14.4808
548,520,226480,16,7937,14.4836
549,480,226960,14,7951,14.4827
550,520,227480,16,7967,14.4855
551,540,228020,17,7984,14.49
552,570,228590,19,8003,14.4982
553,560,229150,18,8021,14.5045
554,560,229710,18,8039,14.5108
555,560,230270,18,8057,14.5171
556,540,230810,17,8074,14.5216
557,560,231370,18,8092,14.5278
558,560,231930,18,8110,14.5341
559,540,232470,17,8127,14.5385
560,570,233040,19,8146,14.5464
561,570,233610,19,8165,14.5544
562,570,234180,19,8184,14.5623
563,540,234720,17,8201,14.5666
564,570,235290,19,8220,14.5745
565,580,235870,20,8240,14.5841
566,550,236420,18,8258,14.5901
567,560,236980,19,8277,14.5979
568,570,237550,19,8296,14.6056
569,670,238220,20,8316,14.6151
570,570,238790,19,8335,14.6228
571,560,239350,19,8354,14.6305
572,580,239930,20,8374,14.6399
573,580,240510,20,8394,14.6492
574,560,241070,19,8413,14.6568
575,670,241740,20,8433,14.6661
576,580,242320,20,8453,14.6753
577,680,243000,21,8474,14.6863
578,560,243560,19,8493,14.6938
579,580,244140,20,8513,14.7029
580,550,244690,18,8531,14.7086
581,580,245270,21,8552,14.7194
582,690,245960,22,8574,14.732
583,590,246550,21,8595,14.7427
584,590,247140,21,8616,14.7534
585,610,247750,22,8638,14.7658
586,600,248350,22,8660,14.7782
587,590,248940,21,8681,14.7888
588,590,249530,21,8702,14.7993
589,590,250120,21,8723,14.8098
590,590,250710,21,8744,14.8203
591,590,251300,21,8765,14.8308
592,590,251890,21,8786,14.8412
593,590,252480,21,8807,14.8516
594,600,253080,22,8829,14.8636
595,600,253680,22,8851,14.8756
596,580,254260,21,8872,14.8859
597,600,254860,22,8894,14.8978
598,580,255440,21,8915,14.908
599,600,256040,22,8937,14.9199
600,740,256780,25,8962,14.9367
601,720,257500,24,8986,14.9517
602,600,258100,22,9008,14.9635
603,600,258700,22,9030,14.9751
604,600,259300,22,9052,14.9868
605,700,260000,23,9075,15
606,580,260580,21,9096,15.0099
607,590,261170,21,9117,15.0198
608,620,261790,23,9140,15.0329
609,600,262390,22,9162,15.0443
610,600,262990,22,9184,15.0557
611,640,263630,24,9208,15.0704
612,630,264260,24,9232,15.085
613,620,264880,23,9255,15.0979
614,620,265500,23,9278,15.1107
615,620,266120,23,9301,15.1236
616,620,266740,23,9324,15.1364
617,620,267360,23,9347,15.1491
618,620,267980,23,9370,15.1618
619,600,268580,22,9392,15.1729
620,720,269300,24,9416,15.1871
621,600,269900,22,9438,15.1981
622,630,270530,24,9462,15.2122
623,620,271150,23,9485,15.2247
624,630,271780,24,9509,15.2388
625,620,272400,23,9532,15.2512
626,630,273030,24,9556,15.2652
627,620,273650,23,9579,15.2775
628,620,274270,23,9602,15.2898
629,620,274890,23,9625,15.3021
630,620,275510,23,9648,15.3143
631,600,276110,22,9670,15.3249
632,620,276730,23,9693,15.337
633,600,277330,22,9715,15.3476
634,600,277930,22,9737,15.358
635,620,278550,23,9760,15.3701
636,620,279170,23,9783,15.3821
637,620,279790,23,9806,15.394
638,620,280410,23,9829,15.406
639,600,281010,22,9851,15.4163
640,620,281630,23,9874,15.4281
641,610,282240,23,9897,15.4399
642,620,282860,23,9920,15.4517
643,640,283500,24,9944,15.465
644,620,284120,23,9967,15.4767
645,620,284740,23,9990,15.4884
646,630,285370,24,10014,15.5015
647,600,285970,22,10036,15.5116
648,620,286590,23,10059,15.5231
649,600,287190,22,10081,15.5331
650,610,287800,23,10104,15.5446
651,600,288400,22,10126,15.5545
652,700,289100,23,10149,15.566
653,600,289700,22,10171,15.5758
654,600,290300,22,10193,15.5856
655,600,290900,22,10215,15.5954
656,580,291480,21,10236,15.6037
657,580,292060,21,10257,15.6119
658,560,292620,20,10277,15.6185
659,580,293200,21,10298,15.6267
660,580,293780,21,10319,15.6348
661,580,294360,21,10340,15.643
662,600,294960,22,10362,15.6526
663,580,295540,21,10383,15.6606
664,580,296120,21,10404,15.6687
665,480,296600,20,10424,15.6752
666,580,297180,21,10445,15.6832
667,580,297760,21,10466,15.6912
668,540,298300,19,10485,15.6961
669,460,298760,19,10504,15.701
670,540,299300,19,10523,15.706
671,560,299860,20,10543,15.7124
672,560,300420,20,10563,15.7188
673,560,300980,20,10583,15.7251
674,580,301560,21,10604,15.7329
675,560,302120,20,10624,15.7393
676,560,302680,20,10644,15.7456
677,460,303140,19,10663,15.7504
678,560,303700,20,10683,15.7566
679,540,304240,19,10702,15.7614
680,560,304800,20,10722,15.7676
681,460,305260,19,10741,15.7724
682,470,305730,20,10761,15.7786
683,420,306150,17,10778,15.7804
684,480,306630,20,10798,15.7865
685,460,307090,19,10817,15.7912
686,520,307610,18,10835,15.7945
687,540,308150,19,10854,15.7991
688,460,308610,19,10873,15.8038
689,440,309050,18,10891,15.807
690,440,309490,18,10909,15.8101
691,520,310010,18,10927,15.8133
692,520,310530,18,10945,15.8165
693,410,310940,16,10961,15.8167
694,540,311480,19,10980,15.8213
695,440,311920,18,10998,15.8245
696,420,312340,17,11015,15.8261
697,420,312760,17,11032,15.8278
698,400,313160,16,11048,15.8281
699,420,313580,17,11065,15.8298
700,440,314020,18,11083,15.8329
701,380,314400,15,11098,15.8317
702,400,314800,16,11114,15.8319
703,380,315180,15,11129,15.8307
704,380,315560,15,11144,15.8295
705,380,315940,15,11159,15.8284
706,350,316290,13,11172,15.8244
707,350,316640,13,11185,15.8204
708,370,317010,14,11199,15.8178
709,370,317380,14,11213,15.8152
710,370,317750,14,11227,15.8127
711,390,318140,15,11242,15.8115
712,370,318510,14,11256,15.809
713,370,318880,14,11270,15.8065
714,350,319230,13,11283,15.8025
715,350,319580,13,11296,15.7986
716,350,319930,13,11309,15.7947
717,340,320270,12,11321,15.7894
718,250,320520,12,11333,15.7841
719,240,320760,11,11344,15.7775
720,340,321100,12,11356,15.7722
721,240,321340,11,11367,15.7656
722,240,321580,11,11378,15.759
723,340,321920,12,11390,15.7538
724,240,322160,11,11401,15.7472
725,250,322410,12,11413,15.7421
726,220,322630,10,11423,15.7342
727,220,322850,10,11433,15.7263
728,220,323070,10,11443,15.7184
729,220,323290,10,11453,15.7106
730,320,323610,11,11464,15.7041
731,220,323830,10,11474,15.6963
732,210,324040,9,11483,15.6872
733,330,324370,11,11494,15.6808
734,210,324580,9,11503,15.6717
735,110,324690,8,11511,15.6612
736,110,324800,8,11519,15.6508
737,210,325010,9,11528,15.6418
738,110,325120,8,11536,15.6314
739,90,325210,7,11543,15.6198
740,110,325320,8,11551,15.6095
741,80,325400,6,11557,15.5965
742,100,325500,7,11564,15.5849
743,80,325580,6,11570,15.572
744,60,325640,5,11575,15.5578
745,80,325720,6,11581,15.545
746,80,325800,6,11587,15.5322
747,60,325860,5,11592,15.5181
748,80,325940,6,11598,15.5053
749,80,326020,6,11604,15.4927
750,60,326080,5,11609,15.4787
751,60,326140,5,11614,15.4647
752,60,326200,5,11619,15.4508
753,60,326260,5,11624,15.4369
754,60,326320,5,11629,15.4231
755,100,326420,7,11636,15.4119
756,60,326480,5,11641,15.3981
757,60,326540,5,11646,15.3844
758,60,326600,5,11651,15.3707
759,50,326650,4,11655,15.3557
760,60,326710,5,11660,15.3421
761,50,326760,4,11664,15.3272
762,90,326850,6,11670,15.315
763,70,326920,5,11675,15.3014
764,70,326990,5,11680,15.288
765,70,327060,5,11685,15.2745
766,290,327350,8,11693,15.265
767,190,327540,7,11700,15.2542
768,160,327700,5,11705,15.2409
769,140,327840,4,11709,15.2263
770,150,327990,5,11714,15.213
771,60,328050,4,11718,15.1984
772,60,328110,4,11722,15.1839
773,160,328270,5,11727,15.1708
774,170,328440,6,11733,15.1589
775,160,328600,5,11738,15.1458
776,170,328770,5,11743,15.1327
777,170,328940,5,11748,15.1197
778,170,329110,5,11753,15.1067
779,170,329280,5,11758,15.0937
780,160,329440,4,11762,15.0795
781,170,329610,5,11767,15.0666
782,180,329790,6,11773,15.055
783,290,330080,7,11780,15.0447
784,260,330340,5,11785,15.0319
785,280,330620,6,11791,15.0204
786,240,330860,4,11795,15.0064
787,300,331160,7,11802,14.9962
788,300,331460,7,11809,14.986
789,280,331740,6,11815,14.9747
790,280,332020,6,11821,14.9633
791,280,332300,6,11827,14.952
792,280,332580,6,11833,14.9407
793,260,332840,5,11838,14.9281
794,260,333100,5,11843,14.9156
795,240,333340,4,11847,14.9019
796,260,333600,5,11852,14.8894
797,260,333860,5,11857,14.877
798,260,334120,5,11862,14.8647
799,280,334400,6,11868,14.8536
800,260,334660,5,11873,14.8413
801,280,334940,6,11879,14.8302
802,300,335240,7,11886,14.8204
803,300,335540,7,11893,14.8107
804,280,335820,6,11899,14.7998
805,300,336120,7,11906,14.7901
806,300,336420,7,11913,14.7804
807,300,336720,7,11920,14.7708
808,320,337040,8,11928,14.7624
809,320,337360,8,11936,14.754
810,300,337660,7,11943,14.7444
811,340,338000,9,11952,14.7374
812,320,338320,8,11960,14.7291
813,320,338640,8,11968,14.7208
814,320,338960,8,11976,14.7125
815,340,339300,9,11985,14.7055
816,350,339650,10,11995,14.6998
817,340,339990,9,12004,14.6928
818,350,340340,10,12014,14.687
819,370,340710,11,12025,14.6825
820,450,341160,11,12036,14.678
821,450,341610,11,12047,14.6736
822,450,342060,11,12058,14.6691
823,450,342510,11,12069,14.6646
824,350,342860,10,12079,14.659
825,460,343320,12,12091,14.6558
826,440,343760,11,12102,14.6513
827,460,344220,12,12114,14.6481
828,460,344680,12,12126,14.6449
829,460,345140,12,12138,14.6417
830,480,345620,13,12151,14.6398
831,480,346100,13,12164,14.6378
832,480,346580,13,12177,14.6358
833,490,347070,14,12191,14.6351
834,490,347560,14,12205,14.6343
835,490,348050,14,12219,14.6335
836,510,348560,15,12234,14.634
837,500,349060,15,12249,14.6344
838,490,349550,14,12263,14.6337
839,490,350040,14,12277,14.6329
840,490,350530,14,12291,14.6321
841,470,351000,13,12304,14.6302
842,500,351500,15,12319,14.6306
843,500,352000,15,12334,14.6311
844,500,352500,15,12349,14.6315
845,520,353020,16,12365,14.6331
846,520,353540,16,12381,14.6348
847,520,354060,16,12397,14.6364
848,520,354580,16,12413,14.638
849,520,355100,16,12429,14.6396
850,520,355620,16,12445,14.6412
851,520,356140,16,12461,14.6428
852,540,356680,17,12478,14.6455
853,560,357240,18,12496,14.6495
854,560,357800,18,12514,14.6534
855,560,358360,18,12532,14.6573
856,560,358920,18,12550,14.6612
857,560,359480,18,12568,14.6651
858,570,360050,19,12587,14.6702
859,560,360610,18,12605,14.674
860,580,361190,20,12625,14.6802
861,550,361740,18,12643,14.6841
862,570,362310,19,12662,14.6891
863,570,362880,19,12681,14.6941
864,560,363440,18,12699,14.6979
865,560,364000,18,12717,14.7017
866,570,364570,19,12736,14.7067
867,570,365140,19,12755,14.7116
868,550,365690,18,12773,14.7154
869,550,366240,18,12791,14.7192
870,590,366830,21,12812,14.7264
871,580,367410,20,12832,14.7325
872,680,368090,21,12853,14.7397
873,580,368670,20,12873,14.7457
874,590,369260,21,12894,14.7529
875,560,369820,19,12913,14.7577
876,580,370400,20,12933,14.7637
877,580,370980,20,12953,14.7697
878,570,371550,19,12972,14.7745
879,580,372130,20,12992,14.7804
880,560,372690,19,13011,14.7852
881,590,373280,21,13032,14.7923
882,570,373850,20,13052,14.7982
883,590,374440,21,13073,14.8052
884,590,375030,21,13094,14.8122
885,600,375630,22,13116,14.8203
886,590,376220,21,13137,14.8273
887,590,376810,21,13158,14.8343
888,580,377390,20,13178,14.8401
889,590,377980,21,13199,14.847
890,590,378570,21,13220,14.8539
891,690,379260,22,13242,14.862
892,690,379950,22,13264,14.87
893,590,380540,21,13285,14.8768
894,590,381130,21,13306,14.8837
895,700,381830,23,13329,14.8927
896,600,382430,22,13351,14.9007
897,580,383010,21,13372,14.9075
898,600,383610,22,13394,14.9154
899,600,384210,22,13416,14.9232
900,720,384930,24,13440,14.9333
901,610,385540,22,13462,14.9412
902,580,386120,21,13483,14.9479
903,580,386700,21,13504,14.9546
904,620,387320,23,13527,14.9635
905,600,387920,22,13549,14.9713
906,600,388520,22,13571,14.979
907,600,389120,22,13593,14.9868
908,620,389740,23,13616,14.9956
909,620,390360,23,13639,15.0044
910,600,390960,22,13661,15.0121
911,620,391580,23,13684,15.0209
912,620,392200,23,13707,15.0296
913,640,392840,24,13731,15.0394
914,620,393460,23,13754,15.0481
915,620,394080,23,13777,15.0568
916,600,394680,22,13799,15.0644
917,620,395300,23,13822,15.0731
918,600,395900,22,13844,15.0806
919,620,396520,23,13867,15.0892
920,600,397120,22,13889,15.0967
921,600,397720,22,13911,15.1042
922,620,398340,23,13934,15.1128
923,640,398980,24,13958,15.1224
924,620,399600,23,13981,15.131
925,620,400220,23,14004,15.1395
926,620,400840,23,14027,15.1479
927,630,401470,24,14051,15.1575
928,620,402090,23,14074,15.1659
929,600,402690,22,14096,15.1733
930,620,403310,23,14119,15.1817
931,620,403930,23,14142,15.1901
932,620,404550,23,14165,15.1985
933,640,405190,24,14189,15.2079
934,620,405810,23,14212,15.2163
935,600,406410,22,14234,15.2235
936,620,407030,23,14257,15.2318
937,630,407660,24,14281,15.2412
938,620,408280,23,14304,15.2495
939,620,408900,23,14327,15.2577
940,620,409520,23,14350,15.266
941,720,410240,24,14374,15.2752
942,600,410840,22,14396,15.2824
943,600,411440,22,14418,15.2895
944,620,412060,23,14441,15.2977
945,620,412680,23,14464,15.3058
946,620,413300,23,14487,15.314
947,600,413900,22,14509,15.321
948,620,414520,23,14532,15.3291
949,610,415130,23,14555,15.3372
950,590,415720,22,14577,15.3442
951,600,416320,22,14599,15.3512
952,600,416920,22,14621,15.3582
953,580,417500,21,14642,15.3641
954,600,418100,22,14664,15.3711
955,600,418700,22,14686,15.378
956,580,419280,21,14707,15.3839
957,580,419860,21,14728,15.3898
958,580,420440,21,14749,15.3956
959,560,421000,20,14769,15.4004
960,580,421580,21,14790,15.4062
961,580,422160,21,14811,15.4121
962,580,422740,21,14832,15.4179
963,560,423300,20,14852,15.4226
964,490,423790,21,14873,15.4284
965,580,424370,21,14894,15.4342
966,580,424950,21,14915,15.44
967,580,425530,21,14936,15.4457
968,560,426090,20,14956,15.4504
969,580,426670,21,14977,15.4561
970,560,427230,20,14997,15.4608
971,560,427790,20,15017,15.4655
972,580,428370,21,15038,15.4712
973,580,428950,21,15059,15.4769
974,560,429510,20,15079,15.4815
975,460,429970,19,15098,15.4851
976,560,430530,20,15118,15.4898
977,560,431090,20,15138,15.4944
978,570,431660,21,15159,15.5
979,460,432120,19,15178,15.5036
980,560,432680,20,15198,15.5082
981,460,433140,19,15217,15.5117
982,470,433610,20,15237,15.5163
983,560,434170,20,15257,15.5209
984,460,434630,19,15276,15.5244
985,440,435070,18,15294,15.5269
986,420,435490,17,15311,15.5284
987,420,435910,17,15328,15.5299
988,420,436330,17,15345,15.5314
989,420,436750,17,15362,15.5329
990,520,437270,18,15380,15.5354
991,420,437690,17,15397,15.5368
992,440,438130,18,15415,15.5393
993,440,438570,18,15433,15.5418
994,520,439090,18,15451,15.5443
995,420,439510,17,15468,15.5457
996,440,439950,18,15486,15.5482
997,420,440370,17,15503,15.5496
998,410,440780,16,15519,15.5501
999,400,441180,16,15535,15.5506
1000,420,441600,17,15552,15.552
1001,360,441960,14,15566,15.5504
1002,380,442340,15,15581,15.5499
1003,380,442720,15,15596,15.5494
1004,370,443090,14,15610,15.5478
1005,380,443470,15,15625,15.5473
1006,390,443860,15,15640,15.5467
1007,370,444230,14,15654,15.5452
1008,250,444480,12,15666,15.5417
1009,370,444850,14,15680,15.5401
1010,370,445220,14,15694,15.5386
1011,400,445620,16,15710,15.5391
1012,370,445990,14,15724,15.5375
1013,360,446350,13,15737,15.535
1014,350,446700,13,15750,15.5325
1015,350,447050,13,15763,15.53
1016,340,447390,12,15775,15.5266
1017,360,447750,14,15789,15.5251
1018,250,448000,12,15801,15.5216
1019,250,448250,12,15813,15.5182
1020,330,448580,11,15824,15.5137
1021,130,448710,10,15834,15.5083
1022,240,448950,11,15845,15.5039
1023,240,449190,11,15856,15.4995
1024,240,449430,11,15867,15.4951
1025,240,449670,11,15878,15.4907
1026,220,449890,10,15888,15.4854
1027,230,450120,11,15899,15.481
1028,220,450340,10,15909,15.4757
1029,220,450560,10,15919,15.4704
1030,210,450770,9,15928,15.4641
1031,210,450980,9,15937,15.4578
1032,210,451190,9,15946,15.4516
1033,210,451400,9,15955,15.4453
1034,210,451610,9,15964,15.4391
1035,120,451730,9,15973,15.4329
1036,110,451840,8,15981,15.4257
1037,110,451950,8,15989,15.4185
1038,120,452070,9,15998,15.4123
1039,80,452150,6,16004,15.4033
1040,90,452240,7,16011,15.3952
1041,80,452320,6,16017,15.3862
1042,80,452400,6,16023,15.3772
1043,60,452460,5,16028,15.3672
1044,80,452540,6,16034,15.3582
1045,80,452620,6,16040,15.3493
1046,90,452710,7,16047,15.3413
1047,80,452790,6,16053,15.3324
1048,90,452880,7,16060,15.3244
1049,60,452940,5,16065,15.3146
1050,80,453020,6,16071,15.3057
1051,160,453180,6,16077,15.2969
1052,60,453240,5,16082,15.2871
1053,60,453300,5,16087,15.2773
1054,60,453360,5,16092,15.2676
1055,60,453420,5,16097,15.2578
1056,50,453470,4,16101,15.2472
1057,150,453620,5,16106,15.2375
1058,160,453780,6,16112,15.2287
1059,50,453830,4,16116,15.2181
1060,160,453990,6,16122,15.2094
1061,50,454040,4,16126,15.1989
1062,70,454110,5,16131,15.1893
1063,70,454180,5,16136,15.1797
1064,70,454250,5,16141,15.1701
1065,180,454430,7,16148,15.1624
1066,50,454480,4,16152,15.152
1067,160,454640,6,16158,15.1434
1068,180,454820,6,16164,15.1348
1069,180,455000,6,16170,15.1263
1070,260,455260,6,16176,15.1178
1071,160,455420,5,16181,15.1083
1072,160,455580,5,16186,15.0989
1073,160,455740,5,16191,15.0895
1074,160,455900,5,16196,15.0801
1075,180,456080,6,16202,15.0716
1076,170,456250,5,16207,15.0623
1077,70,456320,4,16211,15.052
1078,70,456390,4,16215,15.0417
1079,170,456560,5,16220,15.0324
1080,170,456730,5,16225,15.0231
1081,170,456900,5,16230,15.0139
1082,170,457070,5,16235,15.0046
1083,280,457350,7,16242,14.9972
1084,280,457630,7,16249,14.9899
1085,280,457910,6,16255,14.9816
1086,260,458170,5,16260,14.9724
1087,280,458450,6,16266,14.9641
1088,280,458730,6,16272,14.9559
1089,280,459010,6,16278,14.9477
1090,290,459300,7,16285,14.9404
1091,280,459580,6,16291,14.9322
1092,280,459860,6,16297,14.924
1093,280,460140,6,16303,14.9158
1094,240,460380,4,16307,14.9059
1095,260,460640,5,16312,14.8968
1096,260,460900,5,16317,14.8878
1097,240,461140,4,16321,14.8778
1098,240,461380,4,16325,14.8679
1099,260,461640,5,16330,14.859
1100,180,461820,5,16335,14.85
1101,300,462120,7,16342,14.8429
1102,280,462400,6,16348,14.8348
1103,280,462680,6,16354,14.8268
1104,300,462980,7,16361,14.8197
1105,300,463280,7,16368,14.8127
1106,280,463560,6,16374,14.8047
1107,320,463880,8,16382,14.7986
1108,320,464200,8,16390,14.7924
1109,320,464520,8,16398,14.7863
1110,300,464820,7,16405,14.7793
1111,320,465140,8,16413,14.7732
1112,320,465460,8,16421,14.7671
1113,320,465780,8,16429,14.761
1114,420,466200,9,16438,14.7558
1115,340,466540,9,16447,14.7507
1116,350,466890,10,16457,14.7464
1117,350,467240,10,16467,14.7422
1118,350,467590,10,16477,14.7379
1119,350,467940,10,16487,14.7337
1120,450,468390,11,16498,14.7304
1121,450,468840,11,16509,14.727
1122,430,469270,10,16519,14.7228
1123,450,469720,11,16530,14.7195
1124,450,470170,11,16541,14.7162
1125,460,470630,12,16553,14.7138
1126,460,471090,12,16565,14.7114
1127,480,471570,13,16578,14.7098
1128,460,472030,12,16590,14.7074
1129,460,472490,12,16602,14.705
1130,460,472950,12,16614,14.7027
1131,380,473330,12,16626,14.7003
1132,500,473830,14,16640,14.6996
1133,490,474320,14,16654,14.699
1134,490,474810,14,16668,14.6984
1135,490,475300,14,16682,14.6978
1136,490,475790,14,16696,14.6972
1137,510,476300,15,16711,14.6974
1138,490,476790,14,16725,14.6968
1139,490,477280,14,16739,14.6962
1140,490,477770,14,16753,14.6956
1141,490,478260,14,16767,14.695
1142,500,478760,15,16782,14.6953
1143,520,479280,16,16798,14.6964
1144,540,479820,17,16815,14.6984
1145,520,480340,16,16831,14.6996
1146,520,480860,16,16847,14.7007
1147,510,481370,15,16862,14.701
1148,520,481890,16,16878,14.7021
1149,520,482410,16,16894,14.7032
1150,520,482930,16,16910,14.7043
1151,540,483470,17,16927,14.7063
1152,560,484030,18,16945,14.7092
1153,560,484590,18,16963,14.7121
1154,560,485150,18,16981,14.7149
1155,560,485710,18,16999,14.7177
1156,570,486280,19,17018,14.7215
1157,540,486820,17,17035,14.7234
1158,570,487390,19,17054,14.7271
1159,560,487950,18,17072,14.7299
1160,570,488520,19,17091,14.7336
1161,550,489070,18,17109,14.7364
1162,570,489640,19,17128,14.7401
1163,590,490230,20,17148,14.7446
1164,550,490780,18,17166,14.7474
1165,590,491370,20,17186,14.7519
1166,570,491940,19,17205,14.7556
1167,570,492510,19,17224,14.7592
1168,570,493080,19,17243,14.7628
1169,570,493650,19,17262,14.7665
1170,580,494230,20,17282,14.7709
1171,570,494800,20,17302,14.7754
1172,560,495360,19,17321,14.779
1173,580,495940,20,17341,14.7835
1174,550,496490,18,17359,14.7862
1175,580,497070,20,17379,14.7906
1176,560,497630,19,17398,14.7942
1177,660,498290,20,17418,14.7986
1178,590,498880,21,17439,14.8039
1179,590,499470,21,17460,14.8092
1180,580,500050,20,17480,14.8136
1181,590,500640,21,17501,14.8188
1182,580,501220,20,17521,14.8232
1183,610,501830,22,17543,14.8292
1184,620,502450,23,17566,14.8361
1185,590,503040,21,17587,14.8414
1186,590,503630,21,17608,14.8465
1187,590,504220,21,17629,14.8517
1188,570,504790,20,17649,14.8561
1189,590,505380,21,17670,14.8612
1190,590,505970,21,17691,14.8664
1191,590,506560,21,17712,14.8715
1192,590,507150,21,17733,14.8767
1193,690,507840,22,17755,14.8826
1194,610,508450,22,17777,14.8886
1195,590,509040,21,17798,14.8937
1196,600,509640,22,17820,14.8997
1197,600,510240,22,17842,14.9056
1198,620,510860,23,17865,14.9124
1199,600,511460,22,17887,14.9183
1200,0,511460,0,17887,14.9058
