Index,CurrentCost,TotalCost,CurrentPackets,TotalPackets, TrafficIntensity
1,1720,1720,40,40,40
2,920,2640,20,60,30
3,850,3490,22,82,27.3333
4,1070,4560,23,105,26.25
5,940,5500,22,127,25.4
6,1020,6520,23,150,25
7,910,7430,21,171,24.4286
8,1060,8490,25,196,24.5
9,910,9400,21,217,24.1111
10,840,10240,22,239,23.9
11,720,10960,21,260,23.6364
12,1030,11990,19,279,23.25
13,970,12960,21,300,23.0769
14,920,13880,23,323,23.0714
15,830,14710,22,345,23
16,670,15380,24,369,23.0625
17,1060,16440,22,391,23
18,1060,17500,22,413,22.9444
19,1190,18690,24,437,23
20,1370,20060,19,456,22.8
21,1060,21120,24,480,22.8571
22,1040,22160,22,502,22.8182
23,670,22830,22,524,22.7826
24,1030,23860,23,547,22.7917
25,660,24520,23,570,22.8
26,1200,25720,24,594,22.8462
27,1000,26720,22,616,22.8148
28,1200,27920,22,638,22.7857
29,1090,29010,26,664,22.8966
30,1010,30020,20,684,22.8
31,1020,31040,22,706,22.7742
32,1020,32060,22,728,22.75
33,1010,33070,22,750,22.7273
34,1090,34160,24,774,22.7647
35,820,34980,22,796,22.7429
36,670,35650,22,818,22.7222
37,790,36440,25,843,22.7838
38,1140,37580,25,868,22.8421
39,1040,38620,26,894,22.9231
40,1360,39980,22,916,22.9
41,840,40820,20,936,22.8293
42,870,41690,22,958,22.8095
43,810,42500,22,980,22.7907
44,890,43390,19,999,22.7045
45,760,44150,24,1023,22.7333
46,990,45140,22,1045,22.7174
47,860,46000,23,1068,22.7234
48,840,46840,24,1092,22.75
49,1000,47840,21,1113,22.7143
50,850,48690,25,1138,22.76
51,1020,49710,22,1160,22.7451
52,1090,50800,22,1182,22.7308
53,760,51560,21,1203,22.6981
54,1180,52740,23,1226,22.7037
55,880,53620,22,1248,22.6909
56,890,54510,21,1269,22.6607
57,830,55340,20,1289,22.614
58,970,56310,23,1312,22.6207
59,640,56950,19,1331,22.5593
60,960,57910,22,1353,22.55
61,1470,59380,23,1376,22.5574
62,1030,60410,22,1398,22.5484
63,910,61320,21,1419,22.5238
64,1220,62540,24,1443,22.5469
65,1030,63570,24,1467,22.5692
66,930,64500,22,1489,22.5606
67,950,65450,24,1513,22.5821
68,930,66380,22,1535,22.5735
69,1180,67560,25,1560,22.6087
70,1110,68670,22,1582,22.6
71,690,69360,23,1605,22.6056
72,1280,70640,22,1627,22.5972
73,830,71470,21,1648,22.5753
74,1000,72470,22,1670,22.5676
75,790,73260,19,1689,22.52
76,780,74040,23,1712,22.5263
77,1360,75400,22,1734,22.5195
78,1260,76660,22,1756,22.5128
79,1140,77800,22,1778,22.5063
80,1120,78920,24,1802,22.525
81,1250,80170,21,1823,22.5062
82,810,80980,22,1845,22.5
83,1030,82010,19,1864,22.4578
84,640,82650,22,1886,22.4524
85,910,83560,20,1906,22.4235
86,790,84350,24,1930,22.4419
87,1100,85450,22,1952,22.4368
88,570,86020,21,1973,22.4205
89,930,86950,27,2000,22.4719
90,940,87890,19,2019,22.4333
91,810,88700,21,2040,22.4176
92,950,89650,23,2063,22.4239
93,1250,90900,21,2084,22.4086
94,1140,92040,21,2105,22.3936
95,990,93030,22,2127,22.3895
96,1040,94070,22,2149,22.3854
97,940,95010,21,2170,22.3711
98,560,95570,19,2189,22.3367
99,1090,96660,24,2213,22.3535
100,1220,97880,18,2231,22.31
101,1000,98880,22,2253,22.3069
102,710,99590,19,2272,22.2745
103,870,100460,21,2293,22.2621
104,770,101230,20,2313,22.2404
105,460,101690,22,2335,22.2381
106,670,102360,18,2353,22.1981
107,940,103300,19,2372,22.1682
108,1040,104340,18,2390,22.1296
109,1100,105440,22,2412,22.1284
110,870,106310,20,2432,22.1091
111,690,107000,17,2449,22.0631
112,570,107570,17,2466,22.0179
113,660,108230,19,2485,21.9912
114,590,108820,18,2503,21.9561
115,740,109560,18,2521,21.9217
116,690,110250,13,2534,21.8448
117,940,111190,18,2552,21.812
118,450,111640,16,2568,21.7627
119,710,112350,18,2586,21.7311
120,640,112990,19,2605,21.7083
121,590,113580,17,2622,21.6694
122,590,114170,17,2639,21.6311
123,680,114850,17,2656,21.5935
124,1050,115900,19,2675,21.5726
125,950,116850,18,2693,21.544
126,460,117310,15,2708,21.4921
127,850,118160,17,2725,21.4567
128,640,118800,15,2740,21.4062
129,680,119480,16,2756,21.3643
130,770,120250,16,2772,21.3231
131,270,120520,14,2786,21.2672
132,550,121070,14,2800,21.2121
133,500,121570,14,2814,21.1579
134,710,122280,13,2827,21.097
135,700,122980,17,2844,21.0667
136,790,123770,17,2861,21.0368
137,310,124080,14,2875,20.9854
138,650,124730,14,2889,20.9348
139,860,125590,17,2906,20.9065
140,900,126490,14,2920,20.8571
141,800,127290,13,2933,20.8014
142,690,127980,12,2945,20.7394
143,610,128590,13,2958,20.6853
144,680,129270,12,2970,20.625
145,740,130010,15,2985,20.5862
146,310,130320,9,2994,20.5068
147,640,130960,14,3008,20.4626
148,280,131240,12,3020,20.4054
149,830,132070,15,3035,20.3691
150,500,132570,12,3047,20.3133
151,350,132920,12,3059,20.2583
152,390,133310,8,3067,20.1776
153,270,133580,6,3073,20.085
154,310,133890,10,3083,20.0195
155,610,134500,13,3096,19.9742
156,670,135170,10,3106,19.9103
157,350,135520,7,3113,19.828
158,310,135830,9,3122,19.7595
159,370,136200,7,3129,19.6792
160,370,136570,8,3137,19.6062
161,390,136960,10,3147,19.5466
162,180,137140,6,3153,19.463
163,390,137530,8,3161,19.3926
164,390,137920,8,3169,19.3232
165,290,138210,8,3177,19.2545
166,280,138490,8,3185,19.1867
167,380,138870,7,3192,19.1138
168,240,139110,5,3197,19.0298
169,540,139650,8,3205,18.9645
170,420,140070,6,3211,18.8882
171,480,140550,9,3220,18.8304
172,250,140800,6,3226,18.7558
173,420,141220,5,3231,18.6763
174,200,141420,2,3233,18.5805
175,240,141660,5,3238,18.5029
176,260,141920,6,3244,18.4318
177,160,142080,5,3249,18.3559
178,50,142130,4,3253,18.2753
179,230,142360,4,3257,18.1955
180,230,142590,4,3261,18.1167
181,150,142740,4,3265,18.0387
182,210,142950,3,3268,17.956
183,150,143100,4,3272,17.8798
184,50,143150,4,3276,17.8043
185,10,143160,1,3277,17.7135
186,100,143260,1,3278,17.6237
187,100,143360,1,3279,17.5348
188,0,143360,0,3279,17.4415
189,10,143370,1,3280,17.3545
190,150,143520,4,3284,17.2842
191,120,143640,3,3287,17.2094
192,130,143770,3,3290,17.1354
193,0,143770,0,3290,17.0466
194,0,143770,0,3290,16.9588
195,0,143770,0,3290,16.8718
196,220,143990,3,3293,16.801
197,0,143990,0,3293,16.7157
198,0,143990,0,3293,16.6313
199,10,144000,1,3294,16.5528
200,200,144200,2,3296,16.48
201,0,144200,0,3296,16.398
202,0,144200,0,3296,16.3168
203,0,144200,0,3296,16.2365
204,20,144220,2,3298,16.1667
205,0,144220,0,3298,16.0878
206,210,144430,3,3301,16.0243
207,0,144430,0,3301,15.9469
208,10,144440,1,3302,15.875
209,10,144450,1,3303,15.8038
210,120,144570,2,3305,15.7381
211,150,144720,5,3310,15.6872
212,100,144820,1,3311,15.6179
213,0,144820,0,3311,15.5446
214,120,144940,2,3313,15.4813
215,70,145010,4,3317,15.4279
216,240,145250,4,3321,15.375
217,30,145280,3,3324,15.318
218,140,145420,4,3328,15.2661
219,230,145650,4,3332,15.2146
220,50,145700,4,3336,15.1636
221,150,145850,4,3340,15.1131
222,320,146170,4,3344,15.0631
223,60,146230,4,3348,15.0135
224,220,146450,4,3352,14.9643
225,150,146600,5,3357,14.92
226,250,146850,5,3362,14.8761
227,420,147270,5,3367,14.8326
228,350,147620,6,3373,14.7939
229,290,147910,7,3380,14.7598
230,360,148270,6,3386,14.7217
231,330,148600,6,3392,14.684
232,270,148870,6,3398,14.6466
233,300,149170,9,3407,14.6223
234,150,149320,5,3412,14.5812
235,560,149880,8,3420,14.5532
236,210,150090,8,3428,14.5254
237,680,150770,11,3439,14.5105
238,190,150960,6,3445,14.4748
239,300,151260,8,3453,14.4477
240,500,151760,10,3463,14.4292
241,360,152120,6,3469,14.3942
242,440,152560,7,3476,14.3636
243,300,152860,8,3484,14.3374
244,320,153180,10,3494,14.3197
245,220,153400,9,3503,14.298
246,430,153830,11,3514,14.2846
247,300,154130,10,3524,14.2672
248,490,154620,12,3536,14.2581
249,420,155040,12,3548,14.249
250,300,155340,8,3556,14.224
251,400,155740,12,3568,14.2151
252,390,156130,10,3578,14.1984
253,350,156480,12,3590,14.1897
254,550,157030,13,3603,14.185
255,390,157420,9,3612,14.1647
256,460,157880,12,3624,14.1562
257,610,158490,12,3636,14.1479
258,430,158920,12,3648,14.1395
259,890,159810,14,3662,14.139
260,700,160510,13,3675,14.1346
261,450,160960,13,3688,14.1303
262,550,161510,14,3702,14.1298
263,770,162280,16,3718,14.1369
264,440,162720,13,3731,14.1326
265,550,163270,14,3745,14.1321
266,590,163860,11,3756,14.1203
267,630,164490,15,3771,14.1236
268,710,165200,14,3785,14.1231
269,930,166130,16,3801,14.1301
270,910,167040,16,3817,14.137
271,820,167860,15,3832,14.1402
272,750,168610,16,3848,14.1471
273,930,169540,18,3866,14.1612
274,480,170020,16,3882,14.1679
275,490,170510,16,3898,14.1745
276,530,171040,17,3915,14.1848
277,700,171740,18,3933,14.1986
278,760,172500,16,3949,14.205
279,630,173130,19,3968,14.2222
280,840,173970,20,3988,14.2429
281,770,174740,22,4010,14.2705
282,1030,175770,18,4028,14.2837
283,690,176460,18,4046,14.2968
284,670,177130,17,4063,14.3063
285,580,177710,17,4080,14.3158
286,850,178560,17,4097,14.3252
287,1110,179670,18,4115,14.338
288,580,180250,17,4132,14.3472
289,660,180910,18,4150,14.3599
290,930,181840,21,4171,14.3828
291,690,182530,18,4189,14.3952
292,1070,183600,20,4209,14.4144
293,1280,184880,17,4226,14.4232
294,480,185360,15,4241,14.4252
295,920,186280,22,4263,14.4508
296,1180,187460,20,4283,14.4696
297,830,188290,21,4304,14.4916
298,1230,189520,20,4324,14.5101
299,1400,190920,24,4348,14.5418
300,550,191470,19,4367,14.5567
301,890,192360,21,4388,14.5781
302,1100,193460,23,4411,14.606
303,1340,194800,20,4431,14.6238
304,1080,195880,21,4452,14.6447
305,580,196460,18,4470,14.6557
306,600,197060,20,4490,14.6732
307,820,197880,21,4511,14.6938
308,1010,198890,21,4532,14.7143
309,670,199560,18,4550,14.7249
310,1000,200560,23,4573,14.7516
311,1110,201670,24,4597,14.7814
312,1000,202670,23,4620,14.8077
313,1010,203680,22,4642,14.8307
314,1060,204740,22,4664,14.8535
315,950,205690,22,4686,14.8762
316,980,206670,26,4712,14.9114
317,970,207640,19,4731,14.9243
318,710,208350,25,4756,14.956
319,730,209080,21,4777,14.9749
320,950,210030,22,4799,14.9969
321,810,210840,23,4822,15.0218
322,1190,212030,23,4845,15.0466
323,920,212950,22,4867,15.0681
324,790,213740,19,4886,15.0802
325,860,214600,22,4908,15.1015
326,1160,215760,21,4929,15.1196
327,850,216610,22,4951,15.1407
328,740,217350,22,4973,15.1616
329,710,218060,20,4993,15.1763
330,1010,219070,22,5015,15.197
331,1050,220120,22,5037,15.2175
332,740,220860,22,5059,15.238
333,660,221520,22,5081,15.2583
334,700,222220,22,5103,15.2784
335,600,222820,22,5125,15.2985
336,1090,223910,22,5147,15.3185
337,920,224830,21,5168,15.3353
338,1010,225840,22,5190,15.355
339,380,226220,22,5212,15.3746
340,910,227130,22,5234,15.3941
341,1230,228360,20,5254,15.4076
342,1130,229490,25,5279,15.4357
343,920,230410,22,5301,15.4548
344,840,231250,23,5324,15.4767
345,940,232190,22,5346,15.4957
346,980,233170,20,5366,15.5087
347,930,234100,23,5389,15.5303
348,920,235020,23,5412,15.5517
349,1070,236090,22,5434,15.5702
350,1110,237200,28,5462,15.6057
351,790,237990,22,5484,15.6239
352,700,238690,22,5506,15.642
353,920,239610,22,5528,15.6601
354,940,240550,22,5550,15.678
355,650,241200,22,5572,15.6958
356,640,241840,22,5594,15.7135
357,580,242420,22,5616,15.7311
358,1350,243770,22,5638,15.7486
359,730,244500,20,5658,15.7604
360,1090,245590,22,5680,15.7778
361,770,246360,24,5704,15.8006
362,880,247240,19,5723,15.8094
363,1250,248490,26,5749,15.8375
364,1100,249590,24,5773,15.8599
365,980,250570,25,5798,15.8849
366,800,251370,20,5818,15.8962
367,1290,252660,24,5842,15.9183
368,1000,253660,20,5862,15.9293
369,600,254260,22,5884,15.9458
370,1100,255360,22,5906,15.9622
371,740,256100,24,5930,15.9838
372,980,257080,19,5949,15.9919
373,520,257600,18,5967,15.9973
374,1160,258760,21,5988,16.0107
375,1040,259800,24,6012,16.032
376,920,260720,22,6034,16.0479
377,890,261610,20,6054,16.0584
378,970,262580,24,6078,16.0794
379,890,263470,19,6097,16.0871
380,850,264320,22,6119,16.1026
381,750,265070,21,6140,16.1155
382,1010,266080,22,6162,16.1309
383,700,266780,25,6187,16.154
384,1150,267930,25,6212,16.1771
385,1020,268950,23,6235,16.1948
386,930,269880,22,6257,16.2098
387,840,270720,22,6279,16.2248
388,740,271460,22,6301,16.2397
389,990,272450,22,6323,16.2545
390,1070,273520,21,6344,16.2667
391,1080,274600,22,6366,16.2813
392,1030,275630,22,6388,16.2959
393,1370,277000,22,6410,16.3104
394,860,277860,21,6431,16.3223
395,1140,279000,19,6450,16.3291
396,910,279910,21,6471,16.3409
397,1090,281000,20,6491,16.3501
398,1070,282070,21,6512,16.3618
399,770,282840,21,6533,16.3734
400,1460,284300,22,6555,16.3875
401,650,284950,19,6574,16.394
402,770,285720,24,6598,16.4129
403,960,286680,19,6617,16.4194
404,1120,287800,20,6637,16.4282
405,750,288550,21,6658,16.4395
406,960,289510,19,6677,16.4458
407,590,290100,22,6699,16.4595
408,720,290820,15,6714,16.4559
409,610,291430,18,6732,16.4597
410,680,292110,17,6749,16.461
411,990,293100,21,6770,16.472
412,950,294050,17,6787,16.4733
413,870,294920,18,6805,16.477
414,680,295600,18,6823,16.4807
415,840,296440,18,6841,16.4843
416,620,297060,19,6860,16.4904
417,750,297810,18,6878,16.494
418,450,298260,18,6896,16.4976
419,800,299060,18,6914,16.5012
420,520,299580,17,6931,16.5024
421,620,300200,17,6948,16.5036
422,1090,301290,17,6965,16.5047
423,910,302200,15,6980,16.5012
424,670,302870,16,6996,16.5
425,870,303740,19,7015,16.5059
426,760,304500,16,7031,16.5047
427,710,305210,16,7047,16.5035
428,740,305950,15,7062,16.5
429,830,306780,16,7078,16.4988
430,790,307570,18,7096,16.5023
431,370,307940,15,7111,16.4988
432,630,308570,14,7125,16.4931
433,450,309020,13,7138,16.485
434,880,309900,14,7152,16.4793
435,570,310470,15,7167,16.4759
436,560,311030,14,7181,16.4702
437,800,311830,14,7195,16.4645
438,1150,312980,15,7210,16.4612
439,650,313630,14,7224,16.4556
440,450,314080,13,7237,16.4477
441,540,314620,13,7250,16.4399
442,540,315160,12,7262,16.4299
443,700,315860,12,7274,16.4199
444,570,316430,15,7289,16.4167
445,380,316810,15,7304,16.4135
446,310,317120,9,7313,16.3969
447,280,317400,12,7325,16.387
448,550,317950,12,7337,16.3772
449,410,318360,10,7347,16.363
450,230,318590,10,7357,16.3489
451,500,319090,11,7368,16.337
452,230,319320,10,7378,16.323
453,560,319880,10,7388,16.3091
454,410,320290,10,7398,16.2952
455,230,320520,10,7408,16.2813
456,500,321020,10,7418,16.2675
457,490,321510,10,7428,16.2538
458,390,321900,9,7437,16.238
459,280,322180,8,7445,16.22
460,460,322640,8,7453,16.2022
461,450,323090,8,7461,16.1844
462,380,323470,8,7469,16.1667
463,390,323860,9,7478,16.1512
464,120,323980,8,7486,16.1336
465,290,324270,8,7494,16.1161
466,460,324730,8,7502,16.0987
467,300,325030,8,7510,16.0814
468,340,325370,5,7515,16.0577
469,50,325420,4,7519,16.032
470,370,325790,7,7526,16.0128
471,170,325960,6,7532,15.9915
472,330,326290,5,7537,15.9682
473,240,326530,5,7542,15.945
474,200,326730,7,7549,15.9262
475,120,326850,3,7552,15.8989
476,150,327000,4,7556,15.8739
477,230,327230,4,7560,15.8491
478,50,327280,4,7564,15.8243
479,230,327510,4,7568,15.7996
480,260,327770,5,7573,15.7771
481,230,328000,4,7577,15.7526
482,100,328100,1,7578,15.722
483,140,328240,3,7581,15.6957
484,220,328460,4,7585,15.6715
485,200,328660,2,7587,15.6433
486,20,328680,2,7589,15.6152
487,30,328710,2,7591,15.5873
488,20,328730,1,7592,15.5574
489,20,328750,1,7593,15.5276
490,230,328980,4,7597,15.5041
491,10,328990,1,7598,15.4745
492,0,328990,0,7598,15.4431
493,100,329090,1,7599,15.4138
494,50,329140,3,7602,15.3887
495,0,329140,0,7602,15.3576
496,110,329250,2,7604,15.3306
497,0,329250,0,7604,15.2998
498,0,329250,0,7604,15.2691
499,40,329290,2,7606,15.2425
500,0,329290,0,7606,15.212
501,0,329290,0,7606,15.1816
502,0,329290,0,7606,15.1514
503,0,329290,0,7606,15.1213
504,0,329290,0,7606,15.0913
505,0,329290,0,7606,15.0614
506,20,329310,1,7607,15.0336
507,0,329310,0,7607,15.0039
508,100,329410,1,7608,14.9764
509,0,329410,0,7608,14.947
510,10,329420,1,7609,14.9196
511,0,329420,0,7609,14.8904
512,20,329440,1,7610,14.8633
513,10,329450,1,7611,14.8363
514,20,329470,1,7612,14.8093
515,110,329580,2,7614,14.7845
516,40,329620,2,7616,14.7597
517,550,330170,9,7625,14.7485
518,140,330310,4,7629,14.7278
519,130,330440,4,7633,14.7071
520,70,330510,4,7637,14.6865
521,190,330700,6,7643,14.6699
522,140,330840,4,7647,14.6494
523,240,331080,4,7651,14.6291
524,230,331310,4,7655,14.6088
525,230,331540,4,7659,14.5886
526,530,332070,7,7666,14.5741
527,340,332410,5,7671,14.556
528,340,332750,6,7677,14.5398
529,340,333090,6,7683,14.5236
530,380,333470,8,7691,14.5113
531,60,333530,4,7695,14.4915
532,180,333710,6,7701,14.4756
533,290,334000,9,7710,14.4653
534,540,334540,8,7718,14.4532
535,410,334950,5,7723,14.4355
536,370,335320,8,7731,14.4235
537,190,335510,8,7739,14.4115
538,280,335790,8,7747,14.3996
539,390,336180,8,7755,14.3878
540,220,336400,7,7762,14.3741
541,430,336830,12,7774,14.3697
542,570,337400,9,7783,14.3598
543,420,337820,12,7795,14.3554
544,330,338150,10,7805,14.3474
545,360,338510,8,7813,14.3358
546,110,338620,7,7820,14.3223
547,410,339030,10,7830,14.3144
548,410,339440,10,7840,14.3066
549,590,340030,10,7850,14.2987
550,380,340410,10,7860,14.2909
551,430,340840,12,7872,14.2868
552,290,341130,10,7882,14.279
553,430,341560,13,7895,14.2767
554,290,341850,13,7908,14.2744
555,620,342470,12,7920,14.2703
556,490,342960,12,7932,14.2662
557,440,343400,13,7945,14.2639
558,340,343740,12,7957,14.2599
559,520,344260,13,7970,14.2576
560,860,345120,17,7987,14.2625
561,540,345660,12,7999,14.2585
562,440,346100,11,8010,14.2527
563,640,346740,14,8024,14.2522
564,620,347360,14,8038,14.2518
565,440,347800,13,8051,14.2496
566,570,348370,14,8065,14.2491
567,520,348890,11,8076,14.2434
568,720,349610,14,8090,14.243
569,760,350370,13,8103,14.2408
570,740,351110,18,8121,14.2474
571,670,351780,16,8137,14.2504
572,720,352500,13,8150,14.2483
573,750,353250,17,8167,14.2531
574,830,354080,19,8186,14.2613
575,590,354670,16,8202,14.2643
576,650,355320,21,8223,14.276
577,720,356040,14,8237,14.2756
578,1000,357040,17,8254,14.2803
579,840,357880,17,8271,14.285
580,710,358590,14,8285,14.2845
581,1020,359610,17,8302,14.2892
582,850,360460,18,8320,14.2955
583,870,361330,17,8337,14.3002
584,930,362260,18,8355,14.3065
585,670,362930,18,8373,14.3128
586,930,363860,21,8394,14.3242
587,920,364780,17,8411,14.3288
588,450,365230,18,8429,14.335
589,940,366170,18,8447,14.3413
590,410,366580,16,8463,14.3441
591,1120,367700,18,8481,14.3503
592,820,368520,20,8501,14.3598
593,840,369360,21,8522,14.371
594,1020,370380,18,8540,14.3771
595,1140,371520,20,8560,14.3866
596,910,372430,20,8580,14.396
597,970,373400,20,8600,14.4054
598,1090,374490,20,8620,14.4147
599,1070,375560,21,8641,14.4257
600,760,376320,23,8664,14.44
601,1350,377670,22,8686,14.4526
602,1180,378850,22,8708,14.4651
603,800,379650,21,8729,14.476
604,900,380550,20,8749,14.4851
605,1020,381570,23,8772,14.4992
606,1440,383010,23,8795,14.5132
607,1270,384280,23,8818,14.5272
608,900,385180,21,8839,14.5378
609,1070,386250,21,8860,14.5484
610,890,387140,18,8878,14.5541
611,950,388090,22,8900,14.5663
612,770,388860,22,8922,14.5784
613,1310,390170,22,8944,14.5905
614,690,390860,18,8962,14.5961
615,1200,392060,25,8987,14.613
616,1080,393140,22,9009,14.625
617,1200,394340,22,9031,14.637
618,900,395240,20,9051,14.6456
619,1000,396240,23,9074,14.6591
620,1000,397240,22,9096,14.671
621,1120,398360,22,9118,14.6828
622,800,399160,20,9138,14.6913
623,1090,400250,22,9160,14.703
624,850,401100,23,9183,14.7163
625,700,401800,22,9205,14.728
626,1070,402870,23,9228,14.7412
627,870,403740,22,9250,14.7528
628,920,404660,22,9272,14.7643
629,910,405570,21,9293,14.7742
630,930,406500,22,9315,14.7857
631,1240,407740,25,9340,14.8019
632,890,408630,19,9359,14.8085
633,810,409440,22,9381,14.8199
634,1260,410700,22,9403,14.8312
635,860,411560,22,9425,14.8425
636,1020,412580,22,9447,14.8538
637,710,413290,22,9469,14.865
638,620,413910,22,9491,14.8762
639,680,414590,22,9513,14.8873
640,990,415580,22,9535,14.8984
641,1210,416790,23,9558,14.9111
642,960,417750,23,9581,14.9237
643,740,418490,22,9603,14.9347
644,1030,419520,22,9625,14.9457
645,840,420360,22,9647,14.9566
646,1120,421480,25,9672,14.9721
647,1110,422590,23,9695,14.9845
648,1000,423590,22,9717,14.9954
649,1200,424790,22,9739,15.0062
650,780,425570,25,9764,15.0215
651,1190,426760,22,9786,15.0323
652,920,427680,21,9807,15.0414
653,950,428630,22,9829,15.0521
654,990,429620,22,9851,15.0627
655,630,430250,19,9870,15.0687
656,720,430970,22,9892,15.0793
657,990,431960,20,9912,15.0868
658,980,432940,26,9938,15.1033
659,1030,433970,24,9962,15.1168
660,1040,435010,22,9984,15.1273
661,990,436000,26,10010,15.1437
662,1010,437010,22,10032,15.1541
663,1000,438010,21,10053,15.1629
664,1430,439440,22,10075,15.1732
665,840,440280,20,10095,15.1805
666,930,441210,21,10116,15.1892
667,820,442030,22,10138,15.1994
668,1000,443030,22,10160,15.2096
669,1090,444120,25,10185,15.2242
670,960,445080,24,10209,15.2373
671,790,445870,24,10233,15.2504
672,350,446220,21,10254,15.2589
673,730,446950,21,10275,15.2675
674,820,447770,20,10295,15.2745
675,1190,448960,22,10317,15.2844
676,870,449830,18,10335,15.2885
677,700,450530,22,10357,15.2984
678,1100,451630,22,10379,15.3083
679,1460,453090,22,10401,15.3181
680,760,453850,22,10423,15.3279
681,890,454740,21,10444,15.3363
682,790,455530,24,10468,15.349
683,740,456270,21,10489,15.3572
684,1110,457380,22,10511,15.367
685,990,458370,20,10531,15.3737
686,1020,459390,22,10553,15.3834
687,860,460250,22,10575,15.393
688,490,460740,22,10597,15.4026
689,980,461720,24,10621,15.4151
690,840,462560,23,10644,15.4261
691,960,463520,18,10662,15.4298
692,1060,464580,23,10685,15.4408
693,1080,465660,21,10706,15.4488
694,580,466240,21,10727,15.4568
695,820,467060,21,10748,15.4647
696,640,467700,24,10772,15.477
697,1010,468710,22,10794,15.4864
698,800,469510,20,10814,15.4928
699,800,470310,20,10834,15.4993
700,1220,471530,24,10858,15.5114
701,1240,472770,20,10878,15.5178
702,700,473470,17,10895,15.5199
703,1240,474710,20,10915,15.5263
704,900,475610,19,10934,15.5312
705,950,476560,20,10954,15.5376
706,670,477230,19,10973,15.5425
707,950,478180,19,10992,15.5474
708,900,479080,20,11012,15.5537
709,930,480010,18,11030,15.5571
710,960,480970,19,11049,15.562
711,670,481640,18,11067,15.5654
712,430,482070,18,11085,15.5688
713,700,482770,18,11103,15.5722
714,1030,483800,18,11121,15.5756
715,860,484660,18,11139,15.579
716,870,485530,18,11157,15.5824
717,620,486150,18,11175,15.5858
718,860,487010,18,11193,15.5891
719,1300,488310,18,11211,15.5925
720,760,489070,17,11228,15.5944
721,490,489560,14,11242,15.5922
722,730,490290,14,11256,15.59
723,1310,491600,20,11276,15.5961
724,780,492380,17,11293,15.5981
725,800,493180,18,11311,15.6014
726,500,493680,16,11327,15.6019
727,880,494560,15,11342,15.6011
728,580,495140,14,11356,15.5989
729,670,495810,16,11372,15.5995
730,730,496540,15,11387,15.5986
731,710,497250,14,11401,15.5964
732,750,498000,15,11416,15.5956
733,450,498450,13,11429,15.5921
734,620,499070,14,11443,15.5899
735,720,499790,15,11458,15.5891
736,670,500460,14,11472,15.587
737,350,500810,14,11486,15.5848
738,560,501370,14,11500,15.5827
739,650,502020,16,11516,15.5832
740,460,502480,12,11528,15.5784
741,620,503100,13,11541,15.5749
742,600,503700,11,11552,15.5687
743,790,504490,12,11564,15.5639
744,380,504870,12,11576,15.5591
745,310,505180,9,11585,15.5503
746,460,505640,14,11599,15.5483
747,340,505980,10,11609,15.5408
748,600,506580,12,11621,15.5361
749,580,507160,15,11636,15.5354
750,770,507930,17,11653,15.5373
751,460,508390,8,11661,15.5273
752,640,509030,13,11674,15.5239
753,300,509330,10,11684,15.5166
754,700,510030,11,11695,15.5106
755,690,510720,12,11707,15.506
756,610,511330,13,11720,15.5026
757,390,511720,10,11730,15.4954
758,390,512110,10,11740,15.4881
759,600,512710,6,11746,15.4756
760,470,513180,8,11754,15.4658
761,190,513370,6,11760,15.4534
762,220,513590,8,11768,15.4436
763,200,513790,7,11775,15.4325
764,740,514530,10,11785,15.4254
765,100,514630,6,11791,15.4131
766,420,515050,5,11796,15.3995
767,190,515240,7,11803,15.3885
768,340,515580,5,11808,15.375
769,160,515740,6,11814,15.3628
770,330,516070,6,11820,15.3506
771,240,516310,5,11825,15.3372
772,70,516380,5,11830,15.3238
773,150,516530,5,11835,15.3105
774,270,516800,6,11841,15.2984
775,220,517020,4,11845,15.2839
776,140,517160,4,11849,15.2693
777,230,517390,4,11853,15.2548
778,160,517550,5,11858,15.2416
779,30,517580,2,11860,15.2246
780,40,517620,3,11863,15.209
781,200,517820,7,11870,15.1985
782,420,518240,6,11876,15.1867
783,40,518280,2,11878,15.1699
784,270,518550,6,11884,15.1582
785,20,518570,1,11885,15.1401
786,120,518690,2,11887,15.1234
787,0,518690,0,11887,15.1042
788,100,518790,1,11888,15.0863
789,120,518910,2,11890,15.0697
790,0,518910,0,11890,15.0506
791,20,518930,1,11891,15.0329
792,100,519030,1,11892,15.0152
793,40,519070,3,11895,15
794,130,519200,3,11898,14.9849
795,0,519200,0,11898,14.966
796,120,519320,3,11901,14.951
797,0,519320,0,11901,14.9322
798,130,519450,3,11904,14.9173
799,0,519450,0,11904,14.8986
800,0,519450,0,11904,14.88
801,0,519450,0,11904,14.8614
802,230,519680,4,11908,14.8479
803,0,519680,0,11908,14.8294
804,0,519680,0,11908,14.8109
805,0,519680,0,11908,14.7925
806,30,519710,2,11910,14.7767
807,0,519710,0,11910,14.7584
808,20,519730,1,11911,14.7413
809,100,519830,1,11912,14.7244
810,0,519830,0,11912,14.7062
811,100,519930,1,11913,14.6893
812,100,520030,1,11914,14.6724
813,20,520050,1,11915,14.6556
814,140,520190,3,11918,14.6413
815,110,520300,2,11920,14.6258
816,300,520600,3,11923,14.6115
817,140,520740,4,11927,14.5985
818,240,520980,4,11931,14.5856
819,340,521320,6,11937,14.5751
820,130,521450,3,11940,14.561
821,240,521690,4,11944,14.5481
822,230,521920,4,11948,14.5353
823,310,522230,4,11952,14.5225
824,40,522270,4,11956,14.5097
825,140,522410,4,11960,14.497
826,320,522730,5,11965,14.4855
827,150,522880,4,11969,14.4728
828,470,523350,8,11977,14.465
829,440,523790,12,11989,14.462
830,130,523920,4,11993,14.4494
831,170,524090,6,11999,14.4392
832,100,524190,6,12005,14.4291
833,350,524540,6,12011,14.419
834,200,524740,8,12019,14.4113
835,470,525210,9,12028,14.4048
836,360,525570,8,12036,14.3971
837,370,525940,9,12045,14.3907
838,420,526360,10,12055,14.3854
839,220,526580,9,12064,14.379
840,470,527050,8,12072,14.3714
841,390,527440,8,12080,14.3639
842,490,527930,11,12091,14.3599
843,460,528390,13,12104,14.3582
844,840,529230,11,12115,14.3543
845,300,529530,9,12124,14.3479
846,460,529990,8,12132,14.3404
847,490,530480,10,12142,14.3353
848,680,531160,12,12154,14.3325
849,380,531540,10,12164,14.3274
850,310,531850,10,12174,14.3224
851,580,532430,12,12186,14.3196
852,640,533070,12,12198,14.3169
853,420,533490,12,12210,14.3142
854,450,533940,12,12222,14.3115
855,620,534560,12,12234,14.3088
856,770,535330,12,12246,14.3061
857,630,535960,14,12260,14.3057
858,610,536570,12,12272,14.303
859,770,537340,16,12288,14.305
860,500,537840,17,12305,14.3081
861,930,538770,16,12321,14.3101
862,510,539280,14,12335,14.3097
863,740,540020,14,12349,14.3094
864,480,540500,15,12364,14.3102
865,710,541210,14,12378,14.3098
866,770,541980,17,12395,14.3129
867,730,542710,13,12408,14.3114
868,720,543430,14,12422,14.3111
869,580,544010,14,12436,14.3107
870,560,544570,16,12452,14.3126
871,870,545440,18,12470,14.3169
872,390,545830,14,12484,14.3165
873,540,546370,15,12499,14.3173
874,440,546810,13,12512,14.3158
875,960,547770,19,12531,14.3211
876,770,548540,17,12548,14.3242
877,830,549370,15,12563,14.325
878,580,549950,17,12580,14.328
879,920,550870,17,12597,14.3311
880,490,551360,15,12612,14.3318
881,500,551860,17,12629,14.3348
882,950,552810,18,12647,14.339
883,760,553570,18,12665,14.3431
884,800,554370,19,12684,14.3484
885,1090,555460,20,12704,14.3548
886,510,555970,18,12722,14.3589
887,840,556810,20,12742,14.3653
888,730,557540,22,12764,14.3739
889,1250,558790,21,12785,14.3813
890,1030,559820,18,12803,14.3854
891,1040,560860,18,12821,14.3895
892,610,561470,18,12839,14.3935
893,750,562220,15,12854,14.3942
894,730,562950,16,12870,14.396
895,910,563860,20,12890,14.4022
896,560,564420,20,12910,14.4085
897,750,565170,17,12927,14.4114
898,970,566140,20,12947,14.4176
899,1110,567250,23,12970,14.4271
900,820,568070,21,12991,14.4344
901,980,569050,21,13012,14.4417
902,750,569800,21,13033,14.449
903,1130,570930,18,13051,14.4529
904,810,571740,22,13073,14.4613
905,1070,572810,21,13094,14.4685
906,1040,573850,22,13116,14.4768
907,760,574610,19,13135,14.4818
908,820,575430,21,13156,14.489
909,830,576260,20,13176,14.495
910,990,577250,23,13199,14.5044
911,810,578060,20,13219,14.5104
912,1040,579100,24,13243,14.5208
913,700,579800,24,13267,14.5312
914,990,580790,20,13287,14.5372
915,970,581760,23,13310,14.5464
916,870,582630,23,13333,14.5557
917,1110,583740,22,13355,14.5638
918,790,584530,19,13374,14.5686
919,1190,585720,22,13396,14.5767
920,1080,586800,20,13416,14.5826
921,920,587720,22,13438,14.5907
922,1050,588770,26,13464,14.603
923,990,589760,24,13488,14.6132
924,890,590650,22,13510,14.6212
925,1100,591750,25,13535,14.6324
926,850,592600,22,13557,14.6404
927,600,593200,20,13577,14.6462
928,650,593850,21,13598,14.653
929,840,594690,21,13619,14.6598
930,790,595480,20,13639,14.6656
931,1010,596490,21,13660,14.6724
932,1060,597550,22,13682,14.6803
933,970,598520,26,13708,14.6924
934,740,599260,21,13729,14.6991
935,1000,600260,22,13751,14.707
936,880,601140,19,13770,14.7115
937,790,601930,20,13790,14.7172
938,610,602540,19,13809,14.7217
939,600,603140,19,13828,14.7263
940,430,603570,19,13847,14.7309
941,1010,604580,23,13870,14.7396
942,770,605350,23,13893,14.7484
943,1120,606470,22,13915,14.7561
944,870,607340,21,13936,14.7627
945,1040,608380,20,13956,14.7683
946,650,609030,22,13978,14.7759
947,1110,610140,22,14000,14.7835
948,1150,611290,24,14024,14.7932
949,830,612120,22,14046,14.8008
950,1170,613290,26,14072,14.8126
951,1220,614510,25,14097,14.8233
952,700,615210,17,14114,14.8256
953,1050,616260,25,14139,14.8363
954,950,617210,22,14161,14.8438
955,800,618010,25,14186,14.8545
956,800,618810,22,14208,14.8619
957,890,619700,22,14230,14.8694
958,1110,620810,25,14255,14.88
959,1140,621950,22,14277,14.8874
960,1070,623020,22,14299,14.8948
961,1020,624040,22,14321,14.9022
962,1110,625150,22,14343,14.9096
963,690,625840,19,14362,14.9138
964,770,626610,19,14381,14.918
965,680,627290,22,14403,14.9254
966,1320,628610,25,14428,14.9358
967,830,629440,22,14450,14.9431
968,1010,630450,22,14472,14.9504
969,1160,631610,22,14494,14.9577
970,560,632170,22,14516,14.9649
971,1330,633500,27,14543,14.9773
972,690,634190,19,14562,14.9815
973,1120,635310,24,14586,14.9908
974,1220,636530,25,14611,15.001
975,1120,637650,21,14632,15.0072
976,1180,638830,26,14658,15.0184
977,1240,640070,24,14682,15.0276
978,960,641030,22,14704,15.0348
979,1230,642260,22,14726,15.0419
980,1000,643260,23,14749,15.05
981,890,644150,21,14770,15.0561
982,610,644760,22,14792,15.0631
983,670,645430,22,14814,15.0702
984,680,646110,21,14835,15.0762
985,1230,647340,25,14860,15.0863
986,680,648020,21,14881,15.0923
987,810,648830,21,14902,15.0983
988,690,649520,18,14920,15.1012
989,630,650150,20,14940,15.1062
990,930,651080,21,14961,15.1121
991,930,652010,23,14984,15.1201
992,720,652730,21,15005,15.126
993,720,653450,21,15026,15.1319
994,1030,654480,21,15047,15.1378
995,760,655240,21,15068,15.1437
996,730,655970,21,15089,15.1496
997,1150,657120,21,15110,15.1555
998,900,658020,21,15131,15.1613
999,990,659010,19,15150,15.1652
1000,790,659800,19,15169,15.169
1001,910,660710,20,15189,15.1738
1002,890,661600,19,15208,15.1776
1003,800,662400,19,15227,15.1815
1004,740,663140,20,15247,15.1863
1005,1100,664240,22,15269,15.193
1006,1040,665280,19,15288,15.1968
1007,990,666270,21,15309,15.2026
1008,790,667060,18,15327,15.2054
1009,700,667760,19,15346,15.2091
1010,1060,668820,20,15366,15.2139
1011,670,669490,18,15384,15.2166
1012,950,670440,19,15403,15.2204
1013,1000,671440,19,15422,15.2241
1014,1060,672500,18,15440,15.2268
1015,650,673150,15,15455,15.2266
1016,700,673850,18,15473,15.2293
1017,550,674400,15,15488,15.2291
1018,700,675100,16,15504,15.2299
1019,1040,676140,18,15522,15.2326
1020,600,676740,15,15537,15.2324
1021,520,677260,17,15554,15.2341
1022,460,677720,15,15569,15.2339
1023,880,678600,18,15587,15.2366
1024,1200,679800,19,15606,15.2402
1025,830,680630,14,15620,15.239
1026,730,681360,16,15636,15.2398
1027,640,682000,16,15652,15.2405
1028,440,682440,14,15666,15.2393
1029,870,683310,18,15684,15.242
1030,480,683790,15,15699,15.2417
1031,330,684120,14,15713,15.2405
1032,530,684650,14,15727,15.2393
1033,450,685100,14,15741,15.2381
1034,870,685970,19,15760,15.2418
1035,430,686400,11,15771,15.2377
1036,1000,687400,16,15787,15.2384
1037,550,687950,14,15801,15.2372
1038,460,688410,14,15815,15.236
1039,540,688950,14,15829,15.2348
1040,810,689760,14,15843,15.2337
1041,710,690470,18,15861,15.2363
1042,600,691070,10,15871,15.2313
1043,250,691320,11,15882,15.2272
1044,760,692080,17,15899,15.2289
1045,780,692860,12,15911,15.2258
1046,680,693540,12,15923,15.2228
1047,260,693800,11,15934,15.2187
1048,500,694300,12,15946,15.2156
1049,450,694750,12,15958,15.2126
1050,500,695250,12,15970,15.2095
1051,510,695760,10,15980,15.2046
1052,310,696070,10,15990,15.1996
1053,520,696590,13,16003,15.1975
1054,220,696810,9,16012,15.1917
1055,320,697130,10,16022,15.1867
1056,680,697810,12,16034,15.1837
1057,410,698220,11,16045,15.1798
1058,390,698610,9,16054,15.1739
1059,360,698970,6,16060,15.1653
1060,180,699150,8,16068,15.1585
1061,290,699440,8,16076,15.1517
1062,140,699580,8,16084,15.145
1063,270,699850,6,16090,15.1364
1064,440,700290,7,16097,15.1288
1065,440,700730,8,16105,15.1221
1066,300,701030,8,16113,15.1154
1067,390,701420,9,16122,15.1097
1068,190,701610,6,16128,15.1011
1069,260,701870,6,16134,15.0926
1070,270,702140,6,16140,15.0841
1071,150,702290,5,16145,15.0747
1072,100,702390,1,16146,15.0616
1073,160,702550,5,16151,15.0522
1074,140,702690,4,16155,15.0419
1075,350,703040,6,16161,15.0335
1076,120,703160,3,16164,15.0223
1077,140,703300,4,16168,15.0121
1078,270,703570,7,16175,15.0046
1079,240,703810,4,16179,14.9944
1080,50,703860,4,16183,14.9843
1081,410,704270,5,16188,14.975
1082,140,704410,4,16192,14.9649
1083,150,704560,4,16196,14.9548
1084,230,704790,4,16200,14.9446
1085,0,704790,0,16200,14.9309
1086,210,705000,3,16203,14.9199
1087,100,705100,1,16204,14.9071
1088,310,705410,4,16208,14.8971
1089,100,705510,1,16209,14.8843
1090,20,705530,1,16210,14.8716
1091,100,705630,1,16211,14.8588
1092,0,705630,0,16211,14.8452
1093,100,705730,1,16212,14.8326
1094,0,705730,0,16212,14.819
1095,0,705730,0,16212,14.8055
1096,0,705730,0,16212,14.792
1097,0,705730,0,16212,14.7785
1098,0,705730,0,16212,14.765
1099,0,705730,0,16212,14.7516
1100,20,705750,1,16213,14.7391
1101,0,705750,0,16213,14.7257
1102,140,705890,3,16216,14.7151
1103,0,705890,0,16216,14.7017
1104,0,705890,0,16216,14.6884
1105,0,705890,0,16216,14.6751
1106,0,705890,0,16216,14.6618
1107,0,705890,0,16216,14.6486
1108,100,705990,1,16217,14.6363
1109,10,706000,1,16218,14.624
1110,100,706100,1,16219,14.6117
1111,0,706100,0,16219,14.5986
1112,10,706110,1,16220,14.5863
1113,100,706210,1,16221,14.5741
1114,30,706240,2,16223,14.5628
1115,100,706340,1,16224,14.5507
1116,260,706600,6,16230,14.543
1117,220,706820,4,16234,14.5336
1118,310,707130,4,16238,14.5242
1119,60,707190,4,16242,14.5147
1120,160,707350,4,16246,14.5054
1121,310,707660,4,16250,14.496
1122,50,707710,4,16254,14.4866
1123,150,707860,4,16258,14.4773
1124,250,708110,6,16264,14.4698
1125,260,708370,5,16269,14.4613
1126,440,708810,7,16276,14.4547
1127,50,708860,4,16280,14.4454
1128,160,709020,5,16285,14.4371
1129,90,709110,6,16291,14.4296
1130,250,709360,6,16297,14.4221
1131,240,709600,4,16301,14.4129
1132,190,709790,6,16307,14.4055
1133,420,710210,11,16318,14.4025
1134,360,710570,7,16325,14.3959
1135,580,711150,10,16335,14.3921
1136,160,711310,5,16340,14.3838
1137,190,711500,7,16347,14.3773
1138,250,711750,6,16353,14.3699
1139,460,712210,8,16361,14.3644
1140,300,712510,8,16369,14.3588
1141,570,713080,10,16379,14.355
1142,560,713640,10,16389,14.3511
1143,550,714190,14,16403,14.3508
1144,310,714500,10,16413,14.347
1145,590,715090,16,16429,14.3485
1146,540,715630,13,16442,14.3473
1147,640,716270,14,16456,14.347
1148,430,716700,11,16467,14.3441
1149,580,717280,10,16477,14.3403
1150,530,717810,12,16489,14.3383
1151,600,718410,11,16500,14.3354
1152,250,718660,12,16512,14.3333
1153,550,719210,16,16528,14.3348
1154,680,719890,12,16540,14.3328
1155,630,720520,13,16553,14.3316
1156,590,721110,11,16564,14.3287
1157,560,721670,14,16578,14.3284
1158,460,722130,12,16590,14.3264
1159,530,722660,13,16603,14.3253
1160,1070,723730,14,16617,14.325
1161,800,724530,14,16631,14.3247
1162,850,725380,17,16648,14.327
1163,540,725920,14,16662,14.3267
1164,990,726910,15,16677,14.3273
1165,610,727520,14,16691,14.327
1166,900,728420,14,16705,14.3268
1167,540,728960,12,16717,14.3248
1168,530,729490,12,16729,14.3228
1169,670,730160,14,16743,14.3225
1170,680,730840,16,16759,14.3239
1171,990,731830,15,16774,14.3245
1172,890,732720,14,16788,14.3242
1173,420,733140,16,16804,14.3257
1174,500,733640,17,16821,14.3279
1175,700,734340,12,16833,14.326
1176,890,735230,19,16852,14.3299
1177,580,735810,17,16869,14.3322
1178,870,736680,17,16886,14.3345
1179,770,737450,17,16903,14.3367
1180,690,738140,17,16920,14.339
1181,510,738650,17,16937,14.3412
1182,870,739520,18,16955,14.3443
1183,560,740080,18,16973,14.3474
1184,900,740980,18,16991,14.3505
1185,710,741690,18,17009,14.3536
1186,780,742470,18,17027,14.3567
1187,770,743240,16,17043,14.358
1188,640,743880,18,17061,14.3611
1189,790,744670,18,17079,14.3642
1190,520,745190,13,17092,14.363
1191,760,745950,18,17110,14.3661
1192,510,746460,18,17128,14.3691
1193,770,747230,19,17147,14.373
1194,770,748000,17,17164,14.3752
1195,880,748880,20,17184,14.3799
1196,980,749860,20,17204,14.3846
1197,720,750580,20,17224,14.3893
1198,700,751280,20,17244,14.394
1199,870,752150,18,17262,14.397
1200,0,752150,0,17262,14.385
