Index,CurrentCost,TotalCost,CurrentPackets,TotalPackets, TrafficIntensity
1,0,0,0,0,0
2,130,130,3,3,1.5
3,0,130,0,3,1
4,0,130,0,3,0.75
5,10,140,1,4,0.8
6,0,140,0,4,0.666667
7,0,140,0,4,0.571429
8,10,150,1,5,0.625
9,10,160,1,6,0.666667
10,10,170,1,7,0.7
11,10,180,1,8,0.727273
12,30,210,2,10,0.833333
13,10,220,1,11,0.846154
14,30,250,2,13,0.928571
15,30,280,2,15,1
16,130,410,3,18,1.125
17,140,550,4,22,1.29412
18,130,680,3,25,1.38889
19,130,810,3,28,1.47368
20,140,950,4,32,1.6
21,130,1080,3,35,1.66667
22,130,1210,3,38,1.72727
23,10,1220,1,39,1.69565
24,130,1350,3,42,1.75
25,130,1480,3,45,1.8
26,260,1740,6,51,1.96154
27,270,2010,7,58,2.14815
28,290,2300,8,66,2.35714
29,260,2560,6,72,2.48276
30,160,2720,5,77,2.56667
31,260,2980,6,83,2.67742
32,260,3240,6,89,2.78125
33,270,3510,7,96,2.90909
34,270,3780,7,103,3.02941
35,290,4070,8,111,3.17143
36,270,4340,7,118,3.27778
37,290,4630,8,126,3.40541
38,270,4900,7,133,3.5
39,260,5160,6,139,3.5641
40,390,5550,9,148,3.7
41,290,5840,8,156,3.80488
42,270,6110,7,163,3.88095
43,270,6380,7,170,3.95349
44,290,6670,8,178,4.04545
45,420,7090,11,189,4.2
46,260,7350,6,195,4.23913
47,520,7870,12,207,4.40426
48,390,8260,9,216,4.5
49,390,8650,9,225,4.59184
50,420,9070,11,236,4.72
51,520,9590,12,248,4.86275
52,420,10010,11,259,4.98077
53,660,10670,16,275,5.18868
54,420,11090,11,286,5.2963
55,520,11610,12,298,5.41818
56,520,12130,12,310,5.53571
57,390,12520,9,319,5.59649
58,530,13050,13,332,5.72414
59,530,13580,13,345,5.84746
60,400,13980,10,355,5.91667
61,530,14510,13,368,6.03279
62,530,15040,13,381,6.14516
63,520,15560,12,393,6.2381
64,530,16090,13,406,6.34375
65,660,16750,16,422,6.49231
66,530,17280,13,435,6.59091
67,550,17830,14,449,6.70149
68,650,18480,15,464,6.82353
69,650,19130,15,479,6.94203
70,550,19680,14,493,7.04286
71,660,20340,16,509,7.16901
72,650,20990,15,524,7.27778
73,680,21670,17,541,7.41096
74,810,22480,20,561,7.58108
75,650,23130,15,576,7.68
76,780,23910,18,594,7.81579
77,650,24560,15,609,7.90909
78,680,25240,17,626,8.02564
79,660,25900,16,642,8.12658
80,660,26560,16,658,8.225
81,780,27340,18,676,8.34568
82,790,28130,19,695,8.47561
83,780,28910,18,713,8.59036
84,660,29570,16,729,8.67857
85,790,30360,19,748,8.8
86,650,31010,15,763,8.87209
87,790,31800,19,782,8.98851
88,780,32580,18,800,9.09091
89,780,33360,18,818,9.19101
90,780,34140,18,836,9.28889
91,780,34920,18,854,9.38462
92,780,35700,18,872,9.47826
93,790,36490,19,891,9.58065
94,780,37270,18,909,9.67021
95,790,38060,19,928,9.76842
96,790,38850,19,947,9.86458
97,660,39510,16,963,9.92784
98,790,40300,19,982,10.0204
99,790,41090,19,1001,10.1111
100,790,41880,19,1020,10.2
101,790,42670,19,1039,10.2871
102,910,43580,21,1060,10.3922
103,810,44390,20,1080,10.4854
104,910,45300,21,1101,10.5865
105,790,46090,19,1120,10.6667
106,940,47030,23,1143,10.783
107,810,47840,20,1163,10.8692
108,790,48630,19,1182,10.9444
109,790,49420,19,1201,11.0183
110,810,50230,20,1221,11.1
111,940,51170,23,1244,11.2072
112,920,52090,22,1266,11.3036
113,910,53000,21,1287,11.3894
114,810,53810,20,1307,11.4649
115,920,54730,22,1329,11.5565
116,910,55640,21,1350,11.6379
117,910,56550,21,1371,11.7179
118,810,57360,20,1391,11.7881
119,920,58280,22,1413,11.8739
120,790,59070,19,1432,11.9333
121,910,59980,21,1453,12.0083
122,910,60890,21,1474,12.082
123,910,61800,21,1495,12.1545
124,910,62710,21,1516,12.2258
125,910,63620,21,1537,12.296
126,1040,64660,24,1561,12.3889
127,910,65570,21,1582,12.4567
128,920,66490,22,1604,12.5312
129,910,67400,21,1625,12.5969
130,910,68310,21,1646,12.6615
131,810,69120,20,1666,12.7176
132,910,70030,21,1687,12.7803
133,940,70970,23,1710,12.8571
134,910,71880,21,1731,12.9179
135,910,72790,21,1752,12.9778
136,810,73600,20,1772,13.0294
137,910,74510,21,1793,13.0876
138,910,75420,21,1814,13.1449
139,920,76340,22,1836,13.2086
140,790,77130,19,1855,13.25
141,910,78040,21,1876,13.305
142,790,78830,19,1895,13.3451
143,790,79620,19,1914,13.3846
144,790,80410,19,1933,13.4236
145,780,81190,18,1951,13.4552
146,910,82100,21,1972,13.5068
147,910,83010,21,1993,13.5578
148,910,83920,21,2014,13.6081
149,1040,84960,24,2038,13.6779
150,920,85880,22,2060,13.7333
151,910,86790,21,2081,13.7815
152,810,87600,20,2101,13.8224
153,910,88510,21,2122,13.8693
154,910,89420,21,2143,13.9156
155,920,90340,22,2165,13.9677
156,940,91280,23,2188,14.0256
157,910,92190,21,2209,14.0701
158,790,92980,19,2228,14.1013
159,920,93900,22,2250,14.1509
160,910,94810,21,2271,14.1937
161,910,95720,21,2292,14.236
162,790,96510,19,2311,14.2654
163,790,97300,19,2330,14.2945
164,910,98210,21,2351,14.3354
165,910,99120,21,2372,14.3758
166,680,99800,17,2389,14.3916
167,910,100710,21,2410,14.4311
168,1040,101750,24,2434,14.4881
169,910,102660,21,2455,14.5266
170,920,103580,22,2477,14.5706
171,910,104490,21,2498,14.6082
172,910,105400,21,2519,14.6453
173,1040,106440,24,2543,14.6994
174,910,107350,21,2564,14.7356
175,940,108290,23,2587,14.7829
176,920,109210,22,2609,14.8239
177,940,110150,23,2632,14.8701
178,910,111060,21,2653,14.9045
179,910,111970,21,2674,14.9385
180,910,112880,21,2695,14.9722
181,790,113670,19,2714,14.9945
182,790,114460,19,2733,15.0165
183,910,115370,21,2754,15.0492
184,910,116280,21,2775,15.0815
185,780,117060,18,2793,15.0973
186,910,117970,21,2814,15.129
187,910,118880,21,2835,15.1604
188,810,119690,20,2855,15.1862
189,910,120600,21,2876,15.2169
190,680,121280,17,2893,15.2263
191,810,122090,20,2913,15.2513
192,790,122880,19,2932,15.2708
193,810,123690,20,2952,15.2953
194,810,124500,20,2972,15.3196
195,810,125310,20,2992,15.3436
196,810,126120,20,3012,15.3673
197,910,127030,21,3033,15.3959
198,790,127820,19,3052,15.4141
199,790,128610,19,3071,15.4322
200,790,129400,19,3090,15.45
201,660,130060,16,3106,15.4527
202,660,130720,16,3122,15.4554
203,790,131510,19,3141,15.4729
204,790,132300,19,3160,15.4902
205,790,133090,19,3179,15.5073
206,780,133870,18,3197,15.5194
207,680,134550,17,3214,15.5266
208,780,135330,18,3232,15.5385
209,780,136110,18,3250,15.5502
210,780,136890,18,3268,15.5619
211,910,137800,21,3289,15.5877
212,680,138480,17,3306,15.5943
213,780,139260,18,3324,15.6056
214,780,140040,18,3342,15.6168
215,790,140830,19,3361,15.6326
216,660,141490,16,3377,15.6343
217,790,142280,19,3396,15.6498
218,810,143090,20,3416,15.6697
219,660,143750,16,3432,15.6712
220,530,144280,13,3445,15.6591
221,650,144930,15,3460,15.6561
222,650,145580,15,3475,15.6532
223,650,146230,15,3490,15.6502
224,650,146880,15,3505,15.6473
225,650,147530,15,3520,15.6444
226,680,148210,17,3537,15.6504
227,650,148860,15,3552,15.6476
228,650,149510,15,3567,15.6447
229,530,150040,13,3580,15.6332
230,650,150690,15,3595,15.6304
231,530,151220,13,3608,15.619
232,550,151770,14,3622,15.6121
233,550,152320,14,3636,15.6052
234,550,152870,14,3650,15.5983
235,550,153420,14,3664,15.5915
236,650,154070,15,3679,15.589
237,530,154600,13,3692,15.5781
238,400,155000,10,3702,15.5546
239,530,155530,13,3715,15.5439
240,420,155950,11,3726,15.525
241,530,156480,13,3739,15.5145
242,520,157000,12,3751,15.5
243,530,157530,13,3764,15.4897
244,520,158050,12,3776,15.4754
245,520,158570,12,3788,15.4612
246,400,158970,10,3798,15.439
247,420,159390,11,3809,15.4211
248,520,159910,12,3821,15.4073
249,420,160330,11,3832,15.3896
250,530,160860,13,3845,15.38
251,390,161250,9,3854,15.3546
252,420,161670,11,3865,15.3373
253,270,161940,7,3872,15.3043
254,270,162210,7,3879,15.2717
255,390,162600,9,3888,15.2471
256,390,162990,9,3897,15.2227
257,270,163260,7,3904,15.1907
258,400,163660,10,3914,15.1705
259,290,163950,8,3922,15.1429
260,390,164340,9,3931,15.1192
261,290,164630,8,3939,15.092
262,270,164900,7,3946,15.0611
263,390,165290,9,3955,15.038
264,270,165560,7,3962,15.0076
265,270,165830,7,3969,14.9774
266,260,166090,6,3975,14.9436
267,390,166480,9,3984,14.9213
268,260,166740,6,3990,14.8881
269,260,167000,6,3996,14.855
270,260,167260,6,4002,14.8222
271,260,167520,6,4008,14.7897
272,260,167780,6,4014,14.7574
273,260,168040,6,4020,14.7253
274,260,168300,6,4026,14.6934
275,390,168690,9,4035,14.6727
276,130,168820,3,4038,14.6304
277,130,168950,3,4041,14.5884
278,10,168960,1,4042,14.5396
279,130,169090,3,4045,14.4982
280,130,169220,3,4048,14.4571
281,260,169480,6,4054,14.427
282,130,169610,3,4057,14.3865
283,130,169740,3,4060,14.3463
284,130,169870,3,4063,14.3063
285,30,169900,2,4065,14.2632
286,0,169900,0,4065,14.2133
287,30,169930,2,4067,14.1707
288,30,169960,2,4069,14.1285
289,30,169990,2,4071,14.0865
290,10,170000,1,4072,14.0414
291,10,170010,1,4073,13.9966
292,10,170020,1,4074,13.9521
293,0,170020,0,4074,13.9044
294,0,170020,0,4074,13.8571
295,10,170030,1,4075,13.8136
296,130,170160,3,4078,13.777
297,0,170160,0,4078,13.7306
298,0,170160,0,4078,13.6846
299,0,170160,0,4078,13.6388
300,0,170160,0,4078,13.5933
301,10,170170,1,4079,13.5515
302,10,170180,1,4080,13.5099
303,130,170310,3,4083,13.4752
304,0,170310,0,4083,13.4309
305,10,170320,1,4084,13.3902
306,0,170320,0,4084,13.3464
307,0,170320,0,4084,13.3029
308,130,170450,3,4087,13.2695
309,10,170460,1,4088,13.2298
310,0,170460,0,4088,13.1871
311,10,170470,1,4089,13.1479
312,30,170500,2,4091,13.1122
313,10,170510,1,4092,13.0735
314,30,170540,2,4094,13.0382
315,30,170570,2,4096,13.0032
316,130,170700,3,4099,12.9715
317,130,170830,3,4102,12.9401
318,30,170860,2,4104,12.9057
319,130,170990,3,4107,12.8746
320,130,171120,3,4110,12.8438
321,130,171250,3,4113,12.8131
322,130,171380,3,4116,12.7826
323,140,171520,4,4120,12.7554
324,130,171650,3,4123,12.7253
325,140,171790,4,4127,12.6985
326,30,171820,2,4129,12.6656
327,260,172080,6,4135,12.6453
328,130,172210,3,4138,12.6159
329,160,172370,5,4143,12.5927
330,290,172660,8,4151,12.5788
331,270,172930,7,4158,12.5619
332,260,173190,6,4164,12.5422
333,30,173220,2,4166,12.5105
334,270,173490,7,4173,12.494
335,290,173780,8,4181,12.4806
336,260,174040,6,4187,12.4613
337,290,174330,8,4195,12.4481
338,290,174620,8,4203,12.4349
339,260,174880,6,4209,12.4159
340,290,175170,8,4217,12.4029
341,260,175430,6,4223,12.3842
342,520,175950,12,4235,12.383
343,420,176370,11,4246,12.379
344,390,176760,9,4255,12.3692
345,390,177150,9,4264,12.3594
346,390,177540,9,4273,12.3497
347,390,177930,9,4282,12.3401
348,420,178350,11,4293,12.3362
349,290,178640,8,4301,12.3238
350,270,178910,7,4308,12.3086
351,520,179430,12,4320,12.3077
352,520,179950,12,4332,12.3068
353,520,180470,12,4344,12.3059
354,530,181000,13,4357,12.3079
355,650,181650,15,4372,12.3155
356,530,182180,13,4385,12.3174
357,520,182700,12,4397,12.3165
358,420,183120,11,4408,12.3128
359,420,183540,11,4419,12.3092
360,520,184060,12,4431,12.3083
361,530,184590,13,4444,12.3102
362,400,184990,10,4454,12.3039
363,530,185520,13,4467,12.3058
364,420,185940,11,4478,12.3022
365,530,186470,13,4491,12.3041
366,530,187000,13,4504,12.306
367,550,187550,14,4518,12.3106
368,520,188070,12,4530,12.3098
369,550,188620,14,4544,12.3144
370,780,189400,18,4562,12.3297
371,650,190050,15,4577,12.3369
372,550,190600,14,4591,12.3414
373,660,191260,16,4607,12.3512
374,550,191810,14,4621,12.3556
375,650,192460,15,4636,12.3627
376,550,193010,14,4650,12.367
377,650,193660,15,4665,12.374
378,660,194320,16,4681,12.3836
379,680,195000,17,4698,12.3958
380,530,195530,13,4711,12.3974
381,780,196310,18,4729,12.4121
382,780,197090,18,4747,12.4267
383,780,197870,18,4765,12.4413
384,780,198650,18,4783,12.4557
385,660,199310,16,4799,12.4649
386,660,199970,16,4815,12.4741
387,780,200750,18,4833,12.4884
388,780,201530,18,4851,12.5026
389,680,202210,17,4868,12.5141
390,660,202870,16,4884,12.5231
391,790,203660,19,4903,12.5396
392,680,204340,17,4920,12.551
393,780,205120,18,4938,12.5649
394,780,205900,18,4956,12.5787
395,790,206690,19,4975,12.5949
396,790,207480,19,4994,12.6111
397,660,208140,16,5010,12.6196
398,780,208920,18,5028,12.6332
399,790,209710,19,5047,12.6491
400,810,210520,20,5067,12.6675
401,780,211300,18,5085,12.6808
402,790,212090,19,5104,12.6965
403,810,212900,20,5124,12.7146
404,810,213710,20,5144,12.7327
405,650,214360,15,5159,12.7383
406,810,215170,20,5179,12.7562
407,810,215980,20,5199,12.774
408,940,216920,23,5222,12.799
409,810,217730,20,5242,12.8166
410,810,218540,20,5262,12.8341
411,910,219450,21,5283,12.854
412,910,220360,21,5304,12.8738
413,910,221270,21,5325,12.8935
414,790,222060,19,5344,12.9082
415,910,222970,21,5365,12.9277
416,920,223890,22,5387,12.9495
417,920,224810,22,5409,12.9712
418,810,225620,20,5429,12.988
419,790,226410,19,5448,13.0024
420,780,227190,18,5466,13.0143
421,680,227870,17,5483,13.0238
422,810,228680,20,5503,13.0403
423,910,229590,21,5524,13.0591
424,910,230500,21,5545,13.0778
425,920,231420,22,5567,13.0988
426,940,232360,23,5590,13.1221
427,910,233270,21,5611,13.1405
428,780,234050,18,5629,13.1519
429,810,234860,20,5649,13.1678
430,920,235780,22,5671,13.1884
431,910,236690,21,5692,13.2065
432,910,237600,21,5713,13.2245
433,920,238520,22,5735,13.2448
434,910,239430,21,5756,13.2627
435,910,240340,21,5777,13.2805
436,910,241250,21,5798,13.2982
437,910,242160,21,5819,13.3158
438,920,243080,22,5841,13.3356
439,780,243860,18,5859,13.3462
440,1040,244900,24,5883,13.3705
441,910,245810,21,5904,13.3878
442,940,246750,23,5927,13.4095
443,910,247660,21,5948,13.4266
444,810,248470,20,5968,13.4414
445,910,249380,21,5989,13.4584
446,910,250290,21,6010,13.4753
447,810,251100,20,6030,13.4899
448,910,252010,21,6051,13.5067
449,910,252920,21,6072,13.5234
450,1070,253990,26,6098,13.5511
451,910,254900,21,6119,13.5676
452,810,255710,20,6139,13.5819
453,790,256500,19,6158,13.5938
454,910,257410,21,6179,13.6101
455,910,258320,21,6200,13.6264
456,910,259230,21,6221,13.6425
457,920,260150,22,6243,13.6608
458,810,260960,20,6263,13.6747
459,910,261870,21,6284,13.6906
460,920,262790,22,6306,13.7087
461,910,263700,21,6327,13.7245
462,940,264640,23,6350,13.7446
463,810,265450,20,6370,13.7581
464,790,266240,19,6389,13.7694
465,780,267020,18,6407,13.7785
466,680,267700,17,6424,13.7854
467,910,268610,21,6445,13.8009
468,810,269420,20,6465,13.8141
469,790,270210,19,6484,13.8252
470,910,271120,21,6505,13.8404
471,910,272030,21,6526,13.8556
472,910,272940,21,6547,13.8708
473,910,273850,21,6568,13.8858
474,1040,274890,24,6592,13.9072
475,910,275800,21,6613,13.9221
476,910,276710,21,6634,13.937
477,910,277620,21,6655,13.9518
478,910,278530,21,6676,13.9665
479,910,279440,21,6697,13.9812
480,910,280350,21,6718,13.9958
481,660,281010,16,6734,14
482,940,281950,23,6757,14.0187
483,940,282890,23,6780,14.0373
484,910,283800,21,6801,14.0517
485,910,284710,21,6822,14.066
486,920,285630,22,6844,14.0823
487,910,286540,21,6865,14.0965
488,910,287450,21,6886,14.1107
489,910,288360,21,6907,14.1247
490,920,289280,22,6929,14.1408
491,920,290200,22,6951,14.1568
492,920,291120,22,6973,14.1728
493,810,291930,20,6993,14.1846
494,810,292740,20,7013,14.1964
495,810,293550,20,7033,14.2081
496,810,294360,20,7053,14.2198
497,810,295170,20,7073,14.2314
498,910,296080,21,7094,14.245
499,780,296860,18,7112,14.2525
500,780,297640,18,7130,14.26
501,790,298430,19,7149,14.2695
502,790,299220,19,7168,14.2789
503,790,300010,19,7187,14.2883
504,790,300800,19,7206,14.2976
505,790,301590,19,7225,14.3069
506,790,302380,19,7244,14.3162
507,680,303060,17,7261,14.3215
508,680,303740,17,7278,14.3268
509,780,304520,18,7296,14.334
510,660,305180,16,7312,14.3373
511,780,305960,18,7330,14.3444
512,810,306770,20,7350,14.3555
513,810,307580,20,7370,14.3665
514,680,308260,17,7387,14.3716
515,780,309040,18,7405,14.3786
516,780,309820,18,7423,14.3857
517,780,310600,18,7441,14.3926
518,550,311150,14,7455,14.3919
519,680,311830,17,7472,14.3969
520,650,312480,15,7487,14.3981
521,650,313130,15,7502,14.3992
522,650,313780,15,7517,14.4004
523,650,314430,15,7532,14.4015
524,550,314980,14,7546,14.4008
525,530,315510,13,7559,14.3981
526,520,316030,12,7571,14.3935
527,660,316690,16,7587,14.3966
528,550,317240,14,7601,14.3958
529,550,317790,14,7615,14.3951
530,650,318440,15,7630,14.3962
531,530,318970,13,7643,14.3936
532,660,319630,16,7659,14.3966
533,550,320180,14,7673,14.3959
534,780,320960,18,7691,14.4026
535,550,321510,14,7705,14.4019
536,530,322040,13,7718,14.3993
537,530,322570,13,7731,14.3966
538,390,322960,9,7740,14.3866
539,530,323490,13,7753,14.384
540,530,324020,13,7766,14.3815
541,530,324550,13,7779,14.3789
542,390,324940,9,7788,14.369
543,520,325460,12,7800,14.3646
544,550,326010,14,7814,14.364
545,530,326540,13,7827,14.3615
546,520,327060,12,7839,14.3571
547,530,327590,13,7852,14.3547
548,530,328120,13,7865,14.3522
549,520,328640,12,7877,14.3479
550,420,329060,11,7888,14.3418
551,390,329450,9,7897,14.3321
552,400,329850,10,7907,14.3243
553,390,330240,9,7916,14.3146
554,390,330630,9,7925,14.3051
555,420,331050,11,7936,14.2991
556,290,331340,8,7944,14.2878
557,390,331730,9,7953,14.2783
558,400,332130,10,7963,14.2706
559,160,332290,5,7968,14.254
560,290,332580,8,7976,14.2429
561,290,332870,8,7984,14.2317
562,290,333160,8,7992,14.2206
563,140,333300,4,7996,14.2025
564,420,333720,11,8007,14.1968
565,160,333880,5,8012,14.1805
566,270,334150,7,8019,14.1678
567,270,334420,7,8026,14.1552
568,260,334680,6,8032,14.1408
569,260,334940,6,8038,14.1265
570,390,335330,9,8047,14.1175
571,160,335490,5,8052,14.1016
572,260,335750,6,8058,14.0874
573,260,336010,6,8064,14.0733
574,260,336270,6,8070,14.0592
575,140,336410,4,8074,14.0417
576,30,336440,2,8076,14.0208
577,130,336570,3,8079,14.0017
578,130,336700,3,8082,13.9827
579,130,336830,3,8085,13.9637
580,130,336960,3,8088,13.9448
581,130,337090,3,8091,13.926
582,130,337220,3,8094,13.9072
583,140,337360,4,8098,13.8902
584,130,337490,3,8101,13.8716
585,10,337500,1,8102,13.8496
586,10,337510,1,8103,13.8276
587,10,337520,1,8104,13.8058
588,130,337650,3,8107,13.7874
589,30,337680,2,8109,13.7674
590,10,337690,1,8110,13.7458
591,10,337700,1,8111,13.7242
592,30,337730,2,8113,13.7044
593,0,337730,0,8113,13.6813
594,30,337760,2,8115,13.6616
595,0,337760,0,8115,13.6387
596,130,337890,3,8118,13.6208
597,30,337920,2,8120,13.6013
598,0,337920,0,8120,13.5786
599,0,337920,0,8120,13.5559
600,0,337920,0,8120,13.5333
601,0,337920,0,8120,13.5108
602,0,337920,0,8120,13.4884
603,0,337920,0,8120,13.466
604,0,337920,0,8120,13.4437
605,30,337950,2,8122,13.4248
606,30,337980,2,8124,13.4059
607,130,338110,3,8127,13.3888
608,10,338120,1,8128,13.3684
609,10,338130,1,8129,13.3481
610,10,338140,1,8130,13.3279
611,10,338150,1,8131,13.3077
612,30,338180,2,8133,13.2892
613,130,338310,3,8136,13.2724
614,30,338340,2,8138,13.2541
615,30,338370,2,8140,13.2358
616,160,338530,5,8145,13.2224
617,130,338660,3,8148,13.2058
618,130,338790,3,8151,13.1893
619,130,338920,3,8154,13.1729
620,140,339060,4,8158,13.1581
621,130,339190,3,8161,13.1417
622,130,339320,3,8164,13.1254
623,130,339450,3,8167,13.1091
624,130,339580,3,8170,13.0929
625,260,339840,6,8176,13.0816
626,130,339970,3,8179,13.0655
627,270,340240,7,8186,13.0558
628,130,340370,3,8189,13.0398
629,260,340630,6,8195,13.0286
630,260,340890,6,8201,13.0175
631,420,341310,11,8212,13.0143
632,270,341580,7,8219,13.0047
633,270,341850,7,8226,12.9953
634,270,342120,7,8233,12.9858
635,270,342390,7,8240,12.9764
636,270,342660,7,8247,12.967
637,260,342920,6,8253,12.956
638,270,343190,7,8260,12.9467
639,270,343460,7,8267,12.9374
640,290,343750,8,8275,12.9297
641,140,343890,4,8279,12.9158
642,290,344180,8,8287,12.9081
643,400,344580,10,8297,12.9036
644,400,344980,10,8307,12.8991
645,420,345400,11,8318,12.8961
646,390,345790,9,8327,12.8901
647,390,346180,9,8336,12.8841
648,290,346470,8,8344,12.8765
649,390,346860,9,8353,12.8706
650,290,347150,8,8361,12.8631
651,530,347680,13,8374,12.8633
652,520,348200,12,8386,12.862
653,530,348730,13,8399,12.8622
654,650,349380,15,8414,12.8654
655,530,349910,13,8427,12.8656
656,520,350430,12,8439,12.8643
657,530,350960,13,8452,12.8645
658,520,351480,12,8464,12.8632
659,390,351870,9,8473,12.8574
660,680,352550,17,8490,12.8636
661,520,353070,12,8502,12.8623
662,550,353620,14,8516,12.864
663,530,354150,13,8529,12.8643
664,530,354680,13,8542,12.8645
665,660,355340,16,8558,12.8692
666,550,355890,14,8572,12.8709
667,550,356440,14,8586,12.8726
668,550,356990,14,8600,12.8743
669,550,357540,14,8614,12.8759
670,650,358190,15,8629,12.8791
671,550,358740,14,8643,12.8808
672,780,359520,18,8661,12.8884
673,780,360300,18,8679,12.896
674,520,360820,12,8691,12.8947
675,650,361470,15,8706,12.8978
676,530,362000,13,8719,12.8979
677,680,362680,17,8736,12.904
678,650,363330,15,8751,12.9071
679,530,363860,13,8764,12.9072
680,650,364510,15,8779,12.9103
681,780,365290,18,8797,12.9178
682,780,366070,18,8815,12.9252
683,680,366750,17,8832,12.9312
684,780,367530,18,8850,12.9386
685,810,368340,20,8870,12.9489
686,780,369120,18,8888,12.9563
687,920,370040,22,8910,12.9694
688,790,370830,19,8929,12.9782
689,790,371620,19,8948,12.9869
690,780,372400,18,8966,12.9942
691,780,373180,18,8984,13.0014
692,660,373840,16,9000,13.0058
693,910,374750,21,9021,13.0173
694,810,375560,20,9041,13.0274
695,790,376350,19,9060,13.036
696,790,377140,19,9079,13.0445
697,790,377930,19,9098,13.0531
698,810,378740,20,9118,13.063
699,780,379520,18,9136,13.0701
700,680,380200,17,9153,13.0757
701,790,380990,19,9172,13.0842
702,910,381900,21,9193,13.0954
703,810,382710,20,9213,13.1053
704,810,383520,20,9233,13.1151
705,810,384330,20,9253,13.1248
706,810,385140,20,9273,13.1346
707,810,385950,20,9293,13.1443
708,810,386760,20,9313,13.154
709,920,387680,22,9335,13.1664
710,790,388470,19,9354,13.1746
711,810,389280,20,9374,13.1842
712,910,390190,21,9395,13.1952
713,910,391100,21,9416,13.2062
714,810,391910,20,9436,13.2157
715,910,392820,21,9457,13.2266
716,810,393630,20,9477,13.236
717,790,394420,19,9496,13.2441
718,910,395330,21,9517,13.2549
719,920,396250,22,9539,13.267
720,940,397190,23,9562,13.2806
721,940,398130,23,9585,13.294
722,1040,399170,24,9609,13.3089
723,910,400080,21,9630,13.3195
724,920,401000,22,9652,13.3315
725,790,401790,19,9671,13.3393
726,940,402730,23,9694,13.3526
727,810,403540,20,9714,13.3618
728,810,404350,20,9734,13.3709
729,920,405270,22,9756,13.3827
730,910,406180,21,9777,13.3932
731,940,407120,23,9800,13.4063
732,910,408030,21,9821,13.4167
733,910,408940,21,9842,13.427
734,910,409850,21,9863,13.4373
735,910,410760,21,9884,13.4476
736,790,411550,19,9903,13.4552
737,910,412460,21,9924,13.4654
738,940,413400,23,9947,13.4783
739,910,414310,21,9968,13.4885
740,940,415250,23,9991,13.5014
741,910,416160,21,10012,13.5115
742,780,416940,18,10030,13.5175
743,920,417860,22,10052,13.5289
744,790,418650,19,10071,13.5363
745,910,419560,21,10092,13.5463
746,780,420340,18,10110,13.5523
747,780,421120,18,10128,13.5582
748,920,422040,22,10150,13.5695
749,910,422950,21,10171,13.5794
750,910,423860,21,10192,13.5893
751,910,424770,21,10213,13.5992
752,940,425710,23,10236,13.6117
753,940,426650,23,10259,13.6242
754,910,427560,21,10280,13.634
755,910,428470,21,10301,13.6437
756,790,429260,19,10320,13.6508
757,940,430200,23,10343,13.6631
758,910,431110,21,10364,13.6728
759,910,432020,21,10385,13.6825
760,910,432930,21,10406,13.6921
761,910,433840,21,10427,13.7017
762,910,434750,21,10448,13.7113
763,910,435660,21,10469,13.7208
764,810,436470,20,10489,13.7291
765,910,437380,21,10510,13.7386
766,910,438290,21,10531,13.748
767,910,439200,21,10552,13.7575
768,810,440010,20,10572,13.7656
769,910,440920,21,10593,13.775
770,910,441830,21,10614,13.7844
771,910,442740,21,10635,13.7938
772,910,443650,21,10656,13.8031
773,910,444560,21,10677,13.8124
774,910,445470,21,10698,13.8217
775,910,446380,21,10719,13.831
776,1040,447420,24,10743,13.8441
777,910,448330,21,10764,13.8533
778,910,449240,21,10785,13.8625
779,910,450150,21,10806,13.8716
780,910,451060,21,10827,13.8808
781,910,451970,21,10848,13.8899
782,910,452880,21,10869,13.899
783,910,453790,21,10890,13.908
784,910,454700,21,10911,13.9171
785,920,455620,22,10933,13.9274
786,910,456530,21,10954,13.9364
787,790,457320,19,10973,13.9428
788,680,458000,17,10990,13.9467
789,1040,459040,24,11014,13.9594
790,910,459950,21,11035,13.9684
791,810,460760,20,11055,13.976
792,910,461670,21,11076,13.9848
793,910,462580,21,11097,13.9937
794,810,463390,20,11117,14.0013
795,910,464300,21,11138,14.0101
796,810,465110,20,11158,14.0176
797,660,465770,16,11174,14.0201
798,780,466550,18,11192,14.0251
799,790,467340,19,11211,14.0313
800,810,468150,20,11231,14.0388
801,680,468830,17,11248,14.0424
802,810,469640,20,11268,14.0499
803,810,470450,20,11288,14.0573
804,810,471260,20,11308,14.0647
805,790,472050,19,11327,14.0708
806,780,472830,18,11345,14.0757
807,790,473620,19,11364,14.0818
808,810,474430,20,11384,14.0891
809,780,475210,18,11402,14.0939
810,680,475890,17,11419,14.0975
811,660,476550,16,11435,14.0999
812,780,477330,18,11453,14.1047
813,780,478110,18,11471,14.1095
814,780,478890,18,11489,14.1143
815,680,479570,17,11506,14.1178
816,660,480230,16,11522,14.1201
817,780,481010,18,11540,14.1248
818,780,481790,18,11558,14.1296
819,680,482470,17,11575,14.1331
820,520,482990,12,11587,14.1305
821,660,483650,16,11603,14.1328
822,530,484180,13,11616,14.1314
823,530,484710,13,11629,14.13
824,680,485390,17,11646,14.1335
825,650,486040,15,11661,14.1345
826,650,486690,15,11676,14.1356
827,650,487340,15,11691,14.1366
828,550,487890,14,11705,14.1365
829,660,488550,16,11721,14.1387
830,650,489200,15,11736,14.1398
831,680,489880,17,11753,14.1432
832,530,490410,13,11766,14.1418
833,420,490830,11,11777,14.1381
834,660,491490,16,11793,14.1403
835,520,492010,12,11805,14.1377
836,400,492410,10,11815,14.1328
837,530,492940,13,11828,14.1314
838,660,493600,16,11844,14.1337
839,520,494120,12,11856,14.1311
840,530,494650,13,11869,14.1298
841,520,495170,12,11881,14.1272
842,530,495700,13,11894,14.1259
843,520,496220,12,11906,14.1234
844,520,496740,12,11918,14.1209
845,520,497260,12,11930,14.1183
846,520,497780,12,11942,14.1158
847,530,498310,13,11955,14.1145
848,520,498830,12,11967,14.112
849,390,499220,9,11976,14.106
850,520,499740,12,11988,14.1035
851,260,500000,6,11994,14.094
852,390,500390,9,12003,14.088
853,390,500780,9,12012,14.0821
854,390,501170,9,12021,14.0761
855,390,501560,9,12030,14.0702
856,390,501950,9,12039,14.0643
857,290,502240,8,12047,14.0572
858,420,502660,11,12058,14.0536
859,390,503050,9,12067,14.0477
860,290,503340,8,12075,14.0407
861,270,503610,7,12082,14.0325
862,290,503900,8,12090,14.0255
863,390,504290,9,12099,14.0197
864,260,504550,6,12105,14.0104
865,270,504820,7,12112,14.0023
866,160,504980,5,12117,13.9919
867,140,505120,4,12121,13.9804
868,260,505380,6,12127,13.9712
869,260,505640,6,12133,13.962
870,260,505900,6,12139,13.9529
871,390,506290,9,12148,13.9472
872,290,506580,8,12156,13.9404
873,260,506840,6,12162,13.9313
874,160,507000,5,12167,13.9211
875,260,507260,6,12173,13.912
876,130,507390,3,12176,13.8995
877,130,507520,3,12179,13.8871
878,290,507810,8,12187,13.8804
879,140,507950,4,12191,13.8692
880,30,507980,2,12193,13.8557
881,160,508140,5,12198,13.8456
882,130,508270,3,12201,13.8333
883,260,508530,6,12207,13.8245
884,30,508560,2,12209,13.8111
885,140,508700,4,12213,13.8
886,140,508840,4,12217,13.7889
887,140,508980,4,12221,13.7779
888,30,509010,2,12223,13.7646
889,10,509020,1,12224,13.7503
890,140,509160,4,12228,13.7393
891,30,509190,2,12230,13.7262
892,10,509200,1,12231,13.7119
893,0,509200,0,12231,13.6965
894,0,509200,0,12231,13.6812
895,30,509230,2,12233,13.6682
896,30,509260,2,12235,13.6551
897,0,509260,0,12235,13.6399
898,10,509270,1,12236,13.6258
899,0,509270,0,12236,13.6107
900,10,509280,1,12237,13.5967
901,30,509310,2,12239,13.5838
902,30,509340,2,12241,13.571
903,10,509350,1,12242,13.557
904,0,509350,0,12242,13.542
905,0,509350,0,12242,13.5271
906,10,509360,1,12243,13.5132
907,0,509360,0,12243,13.4983
908,0,509360,0,12243,13.4835
909,10,509370,1,12244,13.4697
910,10,509380,1,12245,13.456
911,10,509390,1,12246,13.4424
912,30,509420,2,12248,13.4298
913,30,509450,2,12250,13.4173
914,30,509480,2,12252,13.4048
915,30,509510,2,12254,13.3923
916,130,509640,3,12257,13.381
917,130,509770,3,12260,13.3697
918,260,510030,6,12266,13.3617
919,30,510060,2,12268,13.3493
920,140,510200,4,12272,13.3391
921,140,510340,4,12276,13.329
922,160,510500,5,12281,13.32
923,140,510640,4,12285,13.3099
924,160,510800,5,12290,13.3009
925,260,511060,6,12296,13.293
926,260,511320,6,12302,13.2851
927,260,511580,6,12308,13.2772
928,260,511840,6,12314,13.2694
929,160,512000,5,12319,13.2605
930,260,512260,6,12325,13.2527
931,260,512520,6,12331,13.2449
932,260,512780,6,12337,13.2371
933,290,513070,8,12345,13.2315
934,270,513340,7,12352,13.2248
935,270,513610,7,12359,13.2182
936,270,513880,7,12366,13.2115
937,270,514150,7,12373,13.2049
938,260,514410,6,12379,13.1972
939,290,514700,8,12387,13.1917
940,270,514970,7,12394,13.1851
941,420,515390,11,12405,13.1828
942,390,515780,9,12414,13.1783
943,390,516170,9,12423,13.1739
944,420,516590,11,12434,13.1716
945,290,516880,8,12442,13.1661
946,400,517280,10,12452,13.1628
947,390,517670,9,12461,13.1584
948,390,518060,9,12470,13.154
949,390,518450,9,12479,13.1496
950,390,518840,9,12488,13.1453
951,520,519360,12,12500,13.1441
952,390,519750,9,12509,13.1397
953,520,520270,12,12521,13.1385
954,520,520790,12,12533,13.1373
955,390,521180,9,12542,13.133
956,520,521700,12,12554,13.1318
957,520,522220,12,12566,13.1306
958,520,522740,12,12578,13.1294
959,520,523260,12,12590,13.1283
960,520,523780,12,12602,13.1271
961,420,524200,11,12613,13.1249
962,530,524730,13,12626,13.1247
963,530,525260,13,12639,13.1246
964,530,525790,13,12652,13.1245
965,520,526310,12,12664,13.1233
966,520,526830,12,12676,13.1222
967,520,527350,12,12688,13.121
968,550,527900,14,12702,13.1219
969,650,528550,15,12717,13.1238
970,660,529210,16,12733,13.1268
971,780,529990,18,12751,13.1318
972,650,530640,15,12766,13.1337
973,650,531290,15,12781,13.1357
974,650,531940,15,12796,13.1376
975,650,532590,15,12811,13.1395
976,550,533140,14,12825,13.1404
977,660,533800,16,12841,13.1433
978,550,534350,14,12855,13.1442
979,520,534870,12,12867,13.143
980,550,535420,14,12881,13.1439
981,780,536200,18,12899,13.1488
982,780,536980,18,12917,13.1538
983,650,537630,15,12932,13.1556
984,780,538410,18,12950,13.1606
985,780,539190,18,12968,13.1655
986,790,539980,19,12987,13.1714
987,790,540770,19,13006,13.1773
988,780,541550,18,13024,13.1822
989,680,542230,17,13041,13.186
990,780,543010,18,13059,13.1909
991,780,543790,18,13077,13.1958
992,790,544580,19,13096,13.2016
993,780,545360,18,13114,13.2064
994,780,546140,18,13132,13.2113
995,790,546930,19,13151,13.2171
996,940,547870,23,13174,13.2269
997,780,548650,18,13192,13.2317
998,790,549440,19,13211,13.2375
999,790,550230,19,13230,13.2432
1000,790,551020,19,13249,13.249
1001,810,551830,20,13269,13.2557
1002,810,552640,20,13289,13.2625
1003,810,553450,20,13309,13.2692
1004,810,554260,20,13329,13.2759
1005,920,555180,22,13351,13.2846
1006,910,556090,21,13372,13.2922
1007,810,556900,20,13392,13.2989
1008,780,557680,18,13410,13.3036
1009,810,558490,20,13430,13.3102
1010,940,559430,23,13453,13.3198
1011,910,560340,21,13474,13.3274
1012,940,561280,23,13497,13.337
1013,920,562200,22,13519,13.3455
1014,910,563110,21,13540,13.3531
1015,910,564020,21,13561,13.3606
1016,920,564940,22,13583,13.3691
1017,910,565850,21,13604,13.3766
1018,940,566790,23,13627,13.3861
1019,910,567700,21,13648,13.3935
1020,920,568620,22,13670,13.402
1021,810,569430,20,13690,13.4084
1022,940,570370,23,13713,13.4178
1023,780,571150,18,13731,13.4223
1024,910,572060,21,13752,13.4297
1025,920,572980,22,13774,13.438
1026,810,573790,20,13794,13.4444
1027,910,574700,21,13815,13.4518
1028,910,575610,21,13836,13.4591
1029,910,576520,21,13857,13.4665
1030,1040,577560,24,13881,13.4767
1031,910,578470,21,13902,13.484
1032,910,579380,21,13923,13.4913
1033,910,580290,21,13944,13.4985
1034,810,581100,20,13964,13.5048
1035,910,582010,21,13985,13.5121
1036,910,582920,21,14006,13.5193
1037,940,583860,23,14029,13.5284
1038,780,584640,18,14047,13.5328
1039,1050,585690,25,14072,13.5438
1040,790,586480,19,14091,13.549
1041,810,587290,20,14111,13.5552
1042,910,588200,21,14132,13.5624
1043,910,589110,21,14153,13.5695
1044,910,590020,21,14174,13.5766
1045,920,590940,22,14196,13.5847
1046,910,591850,21,14217,13.5918
1047,910,592760,21,14238,13.5989
1048,810,593570,20,14258,13.605
1049,910,594480,21,14279,13.612
1050,1040,595520,24,14303,13.6219
1051,910,596430,21,14324,13.6289
1052,910,597340,21,14345,13.6359
1053,920,598260,22,14367,13.6439
1054,910,599170,21,14388,13.6509
1055,920,600090,22,14410,13.6588
1056,910,601000,21,14431,13.6657
1057,910,601910,21,14452,13.6727
1058,910,602820,21,14473,13.6796
1059,810,603630,20,14493,13.6856
1060,940,604570,23,14516,13.6943
1061,910,605480,21,14537,13.7012
1062,920,606400,22,14559,13.709
1063,920,607320,22,14581,13.7168
1064,920,608240,22,14603,13.7246
1065,810,609050,20,14623,13.7305
1066,1040,610090,24,14647,13.7402
1067,920,611010,22,14669,13.7479
1068,920,611930,22,14691,13.7556
1069,920,612850,22,14713,13.7633
1070,910,613760,21,14734,13.7701
1071,910,614670,21,14755,13.7768
1072,910,615580,21,14776,13.7836
1073,910,616490,21,14797,13.7903
1074,810,617300,20,14817,13.7961
1075,910,618210,21,14838,13.8028
1076,1050,619260,25,14863,13.8132
1077,910,620170,21,14884,13.8199
1078,810,620980,20,14904,13.8256
1079,920,621900,22,14926,13.8332
1080,1040,622940,24,14950,13.8426
1081,780,623720,18,14968,13.8464
1082,910,624630,21,14989,13.853
1083,910,625540,21,15010,13.8596
1084,790,626330,19,15029,13.8644
1085,920,627250,22,15051,13.8719
1086,910,628160,21,15072,13.8785
1087,910,629070,21,15093,13.885
1088,910,629980,21,15114,13.8915
1089,910,630890,21,15135,13.8981
1090,940,631830,23,15158,13.9064
1091,790,632620,19,15177,13.9111
1092,910,633530,21,15198,13.9176
1093,810,634340,20,15218,13.9231
1094,790,635130,19,15237,13.9278
1095,790,635920,19,15256,13.9324
1096,940,636860,23,15279,13.9407
1097,810,637670,20,15299,13.9462
1098,810,638480,20,15319,13.9517
1099,790,639270,19,15338,13.9563
1100,790,640060,19,15357,13.9609
1101,790,640850,19,15376,13.9655
1102,790,641640,19,15395,13.9701
1103,790,642430,19,15414,13.9746
1104,790,643220,19,15433,13.9792
1105,790,644010,19,15452,13.9837
1106,780,644790,18,15470,13.9873
1107,660,645450,16,15486,13.9892
1108,680,646130,17,15503,13.9919
1109,650,646780,15,15518,13.9928
1110,790,647570,19,15537,13.9973
1111,680,648250,17,15554,14
1112,780,649030,18,15572,14.0036
1113,680,649710,17,15589,14.0063
1114,790,650500,19,15608,14.0108
1115,790,651290,19,15627,14.0152
1116,780,652070,18,15645,14.0188
1117,790,652860,19,15664,14.0233
1118,810,653670,20,15684,14.0286
1119,780,654450,18,15702,14.0322
1120,550,655000,14,15716,14.0321
1121,650,655650,15,15731,14.033
1122,650,656300,15,15746,14.0339
1123,550,656850,14,15760,14.0338
1124,680,657530,17,15777,14.0365
1125,550,658080,14,15791,14.0364
1126,520,658600,12,15803,14.0346
1127,650,659250,15,15818,14.0355
1128,660,659910,16,15834,14.0372
1129,680,660590,17,15851,14.0399
1130,550,661140,14,15865,14.0398
1131,520,661660,12,15877,14.038
1132,530,662190,13,15890,14.0371
1133,550,662740,14,15904,14.0371
1134,550,663290,14,15918,14.037
1135,520,663810,12,15930,14.0352
1136,520,664330,12,15942,14.0335
1137,530,664860,13,15955,14.0325
1138,530,665390,13,15968,14.0316
1139,530,665920,13,15981,14.0307
1140,550,666470,14,15995,14.0307
1141,400,666870,10,16005,14.0272
1142,400,667270,10,16015,14.0236
1143,420,667690,11,16026,14.021
1144,530,668220,13,16039,14.0201
1145,400,668620,10,16049,14.0166
1146,520,669140,12,16061,14.0148
1147,520,669660,12,16073,14.0131
1148,400,670060,10,16083,14.0096
1149,520,670580,12,16095,14.0078
1150,520,671100,12,16107,14.0061
1151,390,671490,9,16116,14.0017
1152,400,671890,10,16126,13.9983
1153,400,672290,10,16136,13.9948
1154,390,672680,9,16145,13.9905
1155,420,673100,11,16156,13.9879
1156,420,673520,11,16167,13.9853
1157,390,673910,9,16176,13.981
1158,290,674200,8,16184,13.9758
1159,290,674490,8,16192,13.9707
1160,160,674650,5,16197,13.9629
1161,400,675050,10,16207,13.9595
1162,260,675310,6,16213,13.9527
1163,270,675580,7,16220,13.9467
1164,270,675850,7,16227,13.9407
1165,260,676110,6,16233,13.9339
1166,290,676400,8,16241,13.9288
1167,270,676670,7,16248,13.9229
1168,290,676960,8,16256,13.9178
1169,140,677100,4,16260,13.9093
1170,160,677260,5,16265,13.9017
1171,260,677520,6,16271,13.895
1172,260,677780,6,16277,13.8882
1173,160,677940,5,16282,13.8806
1174,260,678200,6,16288,13.8739
1175,270,678470,7,16295,13.8681
1176,140,678610,4,16299,13.8597
1177,260,678870,6,16305,13.853
1178,130,679000,3,16308,13.8438
1179,130,679130,3,16311,13.8346
1180,30,679160,2,16313,13.8246
1181,130,679290,3,16316,13.8154
1182,130,679420,3,16319,13.8063
1183,30,679450,2,16321,13.7963
1184,140,679590,4,16325,13.788
1185,10,679600,1,16326,13.7772
1186,30,679630,2,16328,13.7673
1187,30,679660,2,16330,13.7574
1188,140,679800,4,16334,13.7492
1189,10,679810,1,16335,13.7384
1190,10,679820,1,16336,13.7277
1191,130,679950,3,16339,13.7187
1192,10,679960,1,16340,13.7081
1193,10,679970,1,16341,13.6974
1194,0,679970,0,16341,13.6859
1195,0,679970,0,16341,13.6745
1196,0,679970,0,16341,13.663
1197,0,679970,0,16341,13.6516
1198,0,679970,0,16341,13.6402
1199,10,679980,1,16342,13.6297
1200,0,679980,0,16342,13.6183
