Index,CurrentCost,TotalCost,CurrentPackets,TotalPackets, TrafficIntensity
1,40,40,2,2,2
2,0,40,0,2,1
3,20,60,1,3,1
4,0,60,0,3,0.75
5,100,160,1,4,0.8
6,0,160,0,4,0.666667
7,0,160,0,4,0.571429
8,30,190,2,6,0.75
9,60,250,4,10,1.11111
10,20,270,1,11,1.1
11,20,290,1,12,1.09091
12,140,430,3,15,1.25
13,50,480,3,18,1.38462
14,80,560,5,23,1.64286
15,80,640,4,27,1.8
16,50,690,3,30,1.875
17,50,740,3,33,1.94118
18,50,790,3,36,2
19,150,940,4,40,2.10526
20,50,990,3,43,2.15
21,150,1140,4,47,2.2381
22,190,1330,6,53,2.40909
23,60,1390,4,57,2.47826
24,20,1410,1,58,2.41667
25,190,1600,6,64,2.56
26,190,1790,6,70,2.69231
27,150,1940,4,74,2.74074
28,190,2130,6,80,2.85714
29,190,2320,6,86,2.96552
30,190,2510,6,92,3.06667
31,190,2700,6,98,3.16129
32,70,2770,4,102,3.1875
33,200,2970,7,109,3.30303
34,200,3170,7,116,3.41176
35,100,3270,6,122,3.48571
36,250,3520,10,132,3.66667
37,220,3740,8,140,3.78378
38,220,3960,8,148,3.89474
39,260,4220,11,159,4.07692
40,220,4440,8,167,4.175
41,280,4720,7,174,4.2439
42,230,4950,9,183,4.35714
43,230,5180,9,192,4.46512
44,230,5410,9,201,4.56818
45,230,5640,9,210,4.66667
46,210,5850,8,218,4.73913
47,230,6080,9,227,4.82979
48,230,6310,9,236,4.91667
49,170,6480,5,241,4.91837
50,270,6750,11,252,5.04
51,340,7090,10,262,5.13725
52,370,7460,12,274,5.26923
53,330,7790,10,284,5.35849
54,400,8190,14,298,5.51852
55,290,8480,13,311,5.65455
56,370,8850,12,323,5.76786
57,410,9260,14,337,5.91228
58,370,9630,12,349,6.01724
59,290,9920,12,361,6.11864
60,380,10300,13,374,6.23333
61,380,10680,13,387,6.34426
62,360,11040,12,399,6.43548
63,380,11420,13,412,6.53968
64,380,11800,13,425,6.64062
65,400,12200,14,439,6.75385
66,360,12560,11,450,6.81818
67,400,12960,14,464,6.92537
68,400,13360,14,478,7.02941
69,400,13760,14,492,7.13043
70,420,14180,15,507,7.24286
71,420,14600,15,522,7.35211
72,420,15020,15,537,7.45833
73,320,15340,14,551,7.54795
74,420,15760,15,566,7.64865
75,420,16180,15,581,7.74667
76,450,16630,17,598,7.86842
77,300,16930,13,611,7.93506
78,420,17350,15,626,8.02564
79,420,17770,15,641,8.11392
80,420,18190,15,656,8.2
81,470,18660,18,674,8.32099
82,510,19170,21,695,8.47561
83,550,19720,18,713,8.59036
84,470,20190,18,731,8.70238
85,470,20660,18,749,8.81176
86,470,21130,18,767,8.9186
87,510,21640,20,787,9.04598
88,470,22110,18,805,9.14773
89,570,22680,19,824,9.25843
90,470,23150,18,842,9.35556
91,470,23620,18,860,9.45055
92,520,24140,21,881,9.57609
93,470,24610,18,899,9.66667
94,470,25080,18,917,9.75532
95,480,25560,19,936,9.85263
96,530,26090,22,958,9.97917
97,440,26530,17,975,10.0515
98,460,26990,18,993,10.1327
99,480,27470,19,1012,10.2222
100,490,27960,20,1032,10.32
101,460,28420,18,1050,10.396
102,480,28900,18,1068,10.4706
103,500,29400,20,1088,10.5631
104,540,29940,22,1110,10.6731
105,500,30440,20,1130,10.7619
106,500,30940,20,1150,10.8491
107,630,31570,23,1173,10.9626
108,500,32070,20,1193,11.0463
109,460,32530,18,1211,11.1101
110,600,33130,21,1232,11.2
111,520,33650,21,1253,11.2883
112,520,34170,21,1274,11.375
113,500,34670,20,1294,11.4513
114,620,35290,22,1316,11.5439
115,620,35910,22,1338,11.6348
116,520,36430,21,1359,11.7155
117,520,36950,21,1380,11.7949
118,520,37470,21,1401,11.8729
119,520,37990,20,1421,11.9412
120,530,38520,22,1443,12.025
121,520,39040,21,1464,12.0992
122,520,39560,21,1485,12.1721
123,520,40080,21,1506,12.2439
124,520,40600,21,1527,12.3145
125,480,41080,19,1546,12.368
126,520,41600,21,1567,12.4365
127,480,42080,18,1585,12.4803
128,520,42600,21,1606,12.5469
129,520,43120,21,1627,12.6124
130,560,43680,23,1650,12.6923
131,500,44180,20,1670,12.7481
132,520,44700,21,1691,12.8106
133,520,45220,21,1712,12.8722
134,520,45740,21,1733,12.9328
135,620,46360,22,1755,13
136,520,46880,21,1776,13.0588
137,460,47340,18,1794,13.0949
138,520,47860,21,1815,13.1522
139,520,48380,21,1836,13.2086
140,620,49000,22,1858,13.2714
141,610,49610,22,1880,13.3333
142,520,50130,21,1901,13.3873
143,540,50670,22,1923,13.4476
144,620,51290,22,1945,13.5069
145,520,51810,21,1966,13.5586
146,500,52310,20,1986,13.6027
147,520,52830,21,2007,13.6531
148,480,53310,18,2025,13.6824
149,520,53830,21,2046,13.7315
150,650,54480,24,2070,13.8
151,520,55000,21,2091,13.8477
152,520,55520,21,2112,13.8947
153,520,56040,21,2133,13.9412
154,520,56560,21,2154,13.987
155,520,57080,21,2175,14.0323
156,480,57560,19,2194,14.0641
157,520,58080,21,2215,14.1083
158,520,58600,21,2236,14.1519
159,520,59120,21,2257,14.195
160,580,59700,20,2277,14.2312
161,520,60220,21,2298,14.2733
162,540,60760,22,2320,14.321
163,520,61280,21,2341,14.362
164,520,61800,21,2362,14.4024
165,520,62320,21,2383,14.4424
166,490,62810,19,2402,14.4699
167,500,63310,20,2422,14.503
168,660,63970,24,2446,14.5595
169,620,64590,22,2468,14.6036
170,520,65110,21,2489,14.6412
171,520,65630,21,2510,14.6784
172,520,66150,21,2531,14.7151
173,520,66670,21,2552,14.7514
174,480,67150,19,2571,14.7759
175,520,67670,21,2592,14.8114
176,520,68190,21,2613,14.8466
177,620,68810,22,2635,14.887
178,560,69370,23,2658,14.9326
179,540,69910,22,2680,14.9721
180,520,70430,21,2701,15.0056
181,520,70950,21,2722,15.0387
182,560,71510,23,2745,15.0824
183,520,72030,21,2766,15.1148
184,520,72550,21,2787,15.1467
185,520,73070,21,2808,15.1784
186,520,73590,21,2829,15.2097
187,500,74090,20,2849,15.2353
188,520,74610,21,2870,15.266
189,520,75130,21,2891,15.2963
190,500,75630,20,2911,15.3211
191,530,76160,22,2933,15.356
192,460,76620,18,2951,15.3698
193,520,77140,21,2972,15.399
194,500,77640,20,2992,15.4227
195,460,78100,18,3010,15.4359
196,480,78580,18,3028,15.449
197,470,79050,18,3046,15.4619
198,500,79550,20,3066,15.4848
199,480,80030,19,3085,15.5025
200,520,80550,21,3106,15.53
201,480,81030,19,3125,15.5473
202,470,81500,18,3143,15.5594
203,500,82000,20,3163,15.5813
204,580,82580,20,3183,15.6029
205,460,83040,17,3200,15.6098
206,440,83480,16,3216,15.6117
207,490,83970,19,3235,15.628
208,450,84420,17,3252,15.6346
209,470,84890,18,3270,15.6459
210,470,85360,18,3288,15.6571
211,510,85870,20,3308,15.6777
212,470,86340,18,3326,15.6887
213,470,86810,18,3344,15.6995
214,470,87280,18,3362,15.7103
215,450,87730,17,3379,15.7163
216,470,88200,18,3397,15.7269
217,610,88810,22,3419,15.7558
218,430,89240,16,3435,15.7569
219,510,89750,20,3455,15.7763
220,420,90170,15,3470,15.7727
221,420,90590,15,3485,15.7692
222,480,91070,19,3504,15.7838
223,420,91490,15,3519,15.7803
224,360,91850,16,3535,15.7812
225,430,92280,16,3551,15.7822
226,400,92680,14,3565,15.7743
227,390,93070,13,3578,15.7621
228,420,93490,15,3593,15.7588
229,460,93950,18,3611,15.7686
230,460,94410,17,3628,15.7739
231,400,94810,14,3642,15.7662
232,300,95110,13,3655,15.7543
233,400,95510,14,3669,15.7468
234,440,95950,16,3685,15.7479
235,400,96350,14,3699,15.7404
236,380,96730,13,3712,15.7288
237,380,97110,13,3725,15.7173
238,380,97490,13,3738,15.7059
239,380,97870,13,3751,15.6946
240,400,98270,14,3765,15.6875
241,290,98560,12,3777,15.6722
242,300,98860,8,3785,15.6405
243,370,99230,12,3797,15.6255
244,370,99600,12,3809,15.6107
245,290,99890,7,3816,15.5755
246,390,100280,13,3829,15.565
247,390,100670,13,3842,15.5547
248,370,101040,12,3854,15.5403
249,370,101410,12,3866,15.5261
250,400,101810,14,3880,15.52
251,230,102040,9,3889,15.494
252,230,102270,9,3898,15.4683
253,230,102500,9,3907,15.4427
254,190,102690,7,3914,15.4094
255,90,102780,5,3919,15.3686
256,230,103010,9,3928,15.3438
257,250,103260,10,3938,15.323
258,230,103490,9,3947,15.2984
259,220,103710,8,3955,15.2703
260,250,103960,10,3965,15.25
261,260,104220,10,3975,15.2299
262,220,104440,8,3983,15.2023
263,180,104620,5,3988,15.1635
264,220,104840,8,3996,15.1364
265,200,105040,7,4003,15.1057
266,160,105200,5,4008,15.0677
267,240,105440,10,4018,15.0487
268,190,105630,6,4024,15.0149
269,130,105760,3,4027,14.9703
270,190,105950,6,4033,14.937
271,210,106160,7,4040,14.9077
272,190,106350,6,4046,14.875
273,290,106640,7,4053,14.8462
274,230,106870,9,4062,14.8248
275,190,107060,6,4068,14.7927
276,50,107110,3,4071,14.75
277,80,107190,5,4076,14.7148
278,80,107270,5,4081,14.6799
279,150,107420,4,4085,14.6416
280,80,107500,5,4090,14.6071
281,70,107570,4,4094,14.5694
282,20,107590,1,4095,14.5213
283,90,107680,5,4100,14.4876
284,50,107730,3,4103,14.4472
285,40,107770,2,4105,14.4035
286,40,107810,2,4107,14.3601
287,40,107850,2,4109,14.3171
288,40,107890,2,4111,14.2743
289,50,107940,3,4114,14.2353
290,20,107960,1,4115,14.1897
291,0,107960,0,4115,14.1409
292,20,107980,1,4116,14.0959
293,0,107980,0,4116,14.0478
294,100,108080,1,4117,14.0034
295,0,108080,0,4117,13.9559
296,40,108120,2,4119,13.9155
297,0,108120,0,4119,13.8687
298,0,108120,0,4119,13.8221
299,0,108120,0,4119,13.7759
300,0,108120,0,4119,13.73
301,0,108120,0,4119,13.6844
302,0,108120,0,4119,13.6391
303,100,108220,1,4120,13.5974
304,0,108220,0,4120,13.5526
305,20,108240,1,4121,13.5115
306,0,108240,0,4121,13.4673
307,0,108240,0,4121,13.4235
308,60,108300,3,4124,13.3896
309,20,108320,1,4125,13.3495
310,20,108340,1,4126,13.3097
311,20,108360,1,4127,13.2701
312,150,108510,4,4131,13.2404
313,20,108530,1,4132,13.2013
314,40,108570,2,4134,13.1656
315,120,108690,2,4136,13.1302
316,20,108710,1,4137,13.0918
317,50,108760,3,4140,13.0599
318,50,108810,3,4143,13.0283
319,150,108960,4,4147,13
320,50,109010,3,4150,12.9688
321,30,109040,2,4152,12.9346
322,150,109190,4,4156,12.9068
323,50,109240,3,4159,12.8762
324,50,109290,3,4162,12.8457
325,190,109480,6,4168,12.8246
326,90,109570,5,4173,12.8006
327,140,109710,3,4176,12.7706
328,170,109880,5,4181,12.747
329,230,110110,8,4189,12.7325
330,190,110300,6,4195,12.7121
331,270,110570,6,4201,12.6918
332,190,110760,6,4207,12.6717
333,140,110900,8,4215,12.6577
334,220,111120,8,4223,12.6437
335,190,111310,7,4230,12.6269
336,230,111540,9,4239,12.6161
337,250,111790,10,4249,12.6083
338,240,112030,9,4258,12.5976
339,220,112250,8,4266,12.5841
340,320,112570,9,4275,12.5735
341,220,112790,8,4283,12.5601
342,230,113020,9,4292,12.5497
343,250,113270,10,4302,12.5423
344,260,113530,11,4313,12.5378
345,130,113660,8,4321,12.5246
346,270,113930,11,4332,12.5202
347,230,114160,9,4341,12.5101
348,250,114410,10,4351,12.5029
349,190,114600,7,4358,12.4871
350,280,114880,12,4370,12.4857
351,410,115290,14,4384,12.49
352,360,115650,11,4395,12.4858
353,370,116020,12,4407,12.4844
354,370,116390,12,4419,12.4831
355,390,116780,13,4432,12.4845
356,410,117190,15,4447,12.4916
357,350,117540,11,4458,12.4874
358,390,117930,13,4471,12.4888
359,230,118160,9,4480,12.4791
360,320,118480,15,4495,12.4861
361,440,118920,16,4511,12.4958
362,380,119300,13,4524,12.4972
363,400,119700,14,4538,12.5014
364,430,120130,16,4554,12.511
365,400,120530,14,4568,12.5151
366,400,120930,14,4582,12.5191
367,360,121290,11,4593,12.515
368,260,121550,10,4603,12.5082
369,400,121950,14,4617,12.5122
370,420,122370,15,4632,12.5189
371,420,122790,15,4647,12.5256
372,420,123210,15,4662,12.5323
373,430,123640,16,4678,12.5416
374,320,123960,14,4692,12.5455
375,460,124420,18,4710,12.56
376,420,124840,15,4725,12.5665
377,400,125240,14,4739,12.5703
378,420,125660,15,4754,12.5767
379,420,126080,15,4769,12.5831
380,420,126500,15,4784,12.5895
381,450,126950,17,4801,12.601
382,500,127450,20,4821,12.6204
383,470,127920,18,4839,12.6345
384,470,128390,18,4857,12.6484
385,500,128890,20,4877,12.6675
386,490,129380,19,4896,12.6839
387,480,129860,19,4915,12.7003
388,470,130330,18,4933,12.7139
389,470,130800,18,4951,12.7275
390,440,131240,16,4967,12.7359
391,440,131680,16,4983,12.7442
392,470,132150,18,5001,12.7577
393,570,132720,19,5020,12.7735
394,510,133230,20,5040,12.7919
395,550,133780,23,5063,12.8177
396,520,134300,21,5084,12.8384
397,480,134780,19,5103,12.8539
398,480,135260,19,5122,12.8693
399,480,135740,19,5141,12.8847
400,520,136260,21,5162,12.905
401,460,136720,18,5180,12.9177
402,540,137260,22,5202,12.9403
403,500,137760,20,5222,12.9578
404,580,138340,20,5242,12.9752
405,500,138840,20,5262,12.9926
406,500,139340,20,5282,13.0099
407,500,139840,20,5302,13.027
408,500,140340,20,5322,13.0441
409,480,140820,19,5341,13.0587
410,500,141320,20,5361,13.0756
411,520,141840,21,5382,13.0949
412,470,142310,18,5400,13.1068
413,530,142840,22,5422,13.1283
414,520,143360,21,5443,13.1473
415,520,143880,21,5464,13.1663
416,520,144400,21,5485,13.1851
417,560,144960,24,5509,13.211
418,520,145480,21,5530,13.2297
419,520,146000,21,5551,13.2482
420,620,146620,22,5573,13.269
421,520,147140,21,5594,13.2874
422,520,147660,21,5615,13.3057
423,520,148180,21,5636,13.3239
424,480,148660,19,5655,13.3373
425,620,149280,22,5677,13.3576
426,520,149800,21,5698,13.3756
427,500,150300,20,5718,13.3911
428,510,150810,21,5739,13.4089
429,520,151330,21,5760,13.4266
430,560,151890,23,5783,13.4488
431,500,152390,20,5803,13.464
432,460,152850,18,5821,13.4745
433,620,153470,22,5843,13.4942
434,520,153990,21,5864,13.5115
435,520,154510,21,5885,13.5287
436,520,155030,21,5906,13.5459
437,520,155550,21,5927,13.5629
438,530,156080,22,5949,13.5822
439,520,156600,21,5970,13.5991
440,570,157170,24,5994,13.6227
441,520,157690,21,6015,13.6395
442,520,158210,21,6036,13.6561
443,520,158730,21,6057,13.6727
444,530,159260,22,6079,13.6914
445,510,159770,21,6100,13.7079
446,520,160290,21,6121,13.7242
447,500,160790,20,6141,13.7383
448,540,161330,22,6163,13.7567
449,480,161810,18,6181,13.7661
450,650,162460,24,6205,13.7889
451,520,162980,21,6226,13.8049
452,520,163500,21,6247,13.8208
453,520,164020,21,6268,13.8366
454,540,164560,23,6291,13.8568
455,660,165220,25,6316,13.8813
456,520,165740,21,6337,13.8969
457,530,166270,22,6359,13.9147
458,500,166770,20,6379,13.9279
459,520,167290,21,6400,13.9434
460,520,167810,21,6421,13.9587
461,520,168330,21,6442,13.974
462,500,168830,20,6462,13.987
463,520,169350,21,6483,14.0022
464,520,169870,21,6504,14.0172
465,520,170390,21,6525,14.0323
466,520,170910,21,6546,14.0472
467,520,171430,21,6567,14.0621
468,660,172090,24,6591,14.0833
469,630,172720,23,6614,14.1023
470,550,173270,23,6637,14.1213
471,520,173790,21,6658,14.1359
472,480,174270,19,6677,14.1462
473,620,174890,22,6699,14.1628
474,1120,176010,21,6720,14.1772
475,1120,177130,21,6741,14.1916
476,1100,178230,20,6761,14.2038
477,1420,179650,24,6785,14.2243
478,1140,180790,22,6807,14.2406
479,760,181550,22,6829,14.2568
480,580,182130,19,6848,14.2667
481,1040,183170,21,6869,14.2807
482,520,183690,21,6890,14.2946
483,1200,184890,21,6911,14.3085
484,1200,186090,21,6932,14.3223
485,1000,187090,19,6951,14.332
486,1000,188090,19,6970,14.3416
487,1200,189290,21,6991,14.3552
488,1200,190490,21,7012,14.3689
489,1200,191690,21,7033,14.3824
490,1100,192790,20,7053,14.3939
491,1100,193890,20,7073,14.4053
492,1400,195290,23,7096,14.4228
493,1300,196590,22,7118,14.4381
494,1200,197790,21,7139,14.4514
495,1100,198890,20,7159,14.4626
496,1100,199990,20,7179,14.4738
497,1200,201190,21,7200,14.4869
498,1100,202290,20,7220,14.498
499,1100,203390,20,7240,14.509
500,990,204380,18,7258,14.516
501,900,205280,18,7276,14.523
502,1000,206280,19,7295,14.5319
503,800,207080,17,7312,14.5368
504,1000,208080,19,7331,14.5456
505,990,209070,18,7349,14.5525
506,990,210060,18,7367,14.5593
507,990,211050,18,7385,14.5661
508,1000,212050,19,7404,14.5748
509,990,213040,18,7422,14.5815
510,990,214030,18,7440,14.5882
511,1000,215030,19,7459,14.5969
512,990,216020,18,7477,14.6035
513,990,217010,18,7495,14.6101
514,990,218000,18,7513,14.6167
515,470,218470,18,7531,14.6233
516,810,219280,17,7548,14.6279
517,1120,220400,21,7569,14.6402
518,1100,221500,20,7589,14.6506
519,1120,222620,21,7610,14.6628
520,780,223400,15,7625,14.6635
521,780,224180,15,7640,14.6641
522,780,224960,15,7655,14.6648
523,880,225840,16,7671,14.6673
524,690,226530,15,7686,14.6679
525,660,227190,12,7698,14.6629
526,780,227970,15,7713,14.6635
527,550,228520,10,7723,14.6546
528,780,229300,15,7738,14.6553
529,780,230080,15,7753,14.656
530,670,230750,13,7766,14.6528
531,540,231290,9,7775,14.6422
532,660,231950,12,7787,14.6372
533,870,232820,15,7802,14.6379
534,760,233580,13,7815,14.6348
535,760,234340,13,7828,14.6318
536,660,235000,12,7840,14.6269
537,750,235750,12,7852,14.622
538,780,236530,15,7867,14.6227
539,760,237290,13,7880,14.6197
540,760,238050,13,7893,14.6167
541,650,238700,11,7904,14.61
542,650,239350,11,7915,14.6033
543,640,239990,10,7925,14.5948
544,530,240520,8,7933,14.5827
545,750,241270,12,7945,14.578
546,750,242020,12,7957,14.5733
547,750,242770,12,7969,14.5686
548,380,243150,13,7982,14.5657
549,590,243740,12,7994,14.561
550,650,244390,11,8005,14.5545
551,350,244740,8,8013,14.5426
552,420,245160,6,8019,14.5272
553,450,245610,9,8028,14.5172
554,450,246060,9,8037,14.5072
555,560,246620,11,8048,14.5009
556,450,247070,9,8057,14.491
557,540,247610,9,8066,14.4811
558,550,248160,10,8076,14.4731
559,440,248600,8,8084,14.4615
560,440,249040,8,8092,14.45
561,440,249480,8,8100,14.4385
562,440,249920,8,8108,14.427
563,440,250360,8,8116,14.4156
564,410,250770,5,8121,14.3989
565,430,251200,7,8128,14.3858
566,530,251730,8,8136,14.3746
567,430,252160,7,8143,14.3616
568,420,252580,6,8149,14.3468
569,430,253010,7,8156,14.3339
570,420,253430,6,8162,14.3193
571,520,253950,7,8169,14.3065
572,420,254370,6,8175,14.292
573,320,254690,5,8180,14.2757
574,430,255120,7,8187,14.2631
575,420,255540,6,8193,14.2487
576,310,255850,4,8197,14.2309
577,210,256060,3,8200,14.2114
578,210,256270,3,8203,14.192
579,220,256490,4,8207,14.1744
580,210,256700,3,8210,14.1552
581,320,257020,5,8215,14.1394
582,310,257330,4,8219,14.122
583,200,257530,2,8221,14.1012
584,210,257740,3,8224,14.0822
585,200,257940,2,8226,14.0615
586,100,258040,1,8227,14.0392
587,200,258240,2,8229,14.0187
588,200,258440,2,8231,13.9983
589,0,258440,0,8231,13.9745
590,100,258540,1,8232,13.9525
591,200,258740,2,8234,13.9323
592,100,258840,1,8235,13.9105
593,0,258840,0,8235,13.887
594,100,258940,1,8236,13.8653
595,0,258940,0,8236,13.842
596,0,258940,0,8236,13.8188
597,200,259140,2,8238,13.799
598,300,259440,3,8241,13.7809
599,0,259440,0,8241,13.7579
600,100,259540,1,8242,13.7367
601,0,259540,0,8242,13.7138
602,0,259540,0,8242,13.691
603,120,259660,3,8245,13.6733
604,110,259770,2,8247,13.654
605,100,259870,1,8248,13.6331
606,0,259870,0,8248,13.6106
607,0,259870,0,8248,13.5881
608,100,259970,1,8249,13.5674
609,200,260170,2,8251,13.5484
610,120,260290,3,8254,13.5311
611,100,260390,1,8255,13.5106
612,200,260590,2,8257,13.4918
613,200,260790,2,8259,13.4731
614,300,261090,3,8262,13.456
615,200,261290,2,8264,13.4374
616,110,261400,2,8266,13.4188
617,100,261500,1,8267,13.3987
618,220,261720,4,8271,13.3835
619,210,261930,3,8274,13.3667
620,210,262140,3,8277,13.35
621,200,262340,2,8279,13.3317
622,310,262650,4,8283,13.3167
623,210,262860,3,8286,13.3002
624,210,263070,3,8289,13.2837
625,320,263390,5,8294,13.2704
626,120,263510,3,8297,13.254
627,410,263920,5,8302,13.2408
628,430,264350,7,8309,13.2309
629,420,264770,6,8315,13.2194
630,420,265190,6,8321,13.2079
631,420,265610,6,8327,13.1965
632,320,265930,5,8332,13.1835
633,400,266330,4,8336,13.169
634,430,266760,7,8343,13.1593
635,430,267190,7,8350,13.1496
636,330,267520,6,8356,13.1384
637,300,267820,3,8359,13.1224
638,330,268150,6,8365,13.1113
639,340,268490,7,8372,13.1017
640,220,268710,8,8380,13.0938
641,220,268930,8,8388,13.0858
642,230,269160,9,8397,13.0794
643,220,269380,8,8405,13.0715
644,450,269830,9,8414,13.0652
645,340,270170,7,8421,13.0558
646,460,270630,10,8431,13.0511
647,350,270980,8,8439,13.0433
648,350,271330,8,8447,13.0355
649,450,271780,9,8456,13.0293
650,450,272230,9,8465,13.0231
651,850,273080,13,8478,13.023
652,750,273830,12,8490,13.0215
653,630,274460,9,8499,13.0153
654,760,275220,13,8512,13.0153
655,750,275970,12,8524,13.0137
656,750,276720,12,8536,13.0122
657,750,277470,12,8548,13.0107
658,750,278220,12,8560,13.0091
659,640,278860,10,8570,13.0046
660,640,279500,10,8580,13
661,760,280260,13,8593,13
662,760,281020,13,8606,13
663,760,281780,13,8619,13
664,760,282540,13,8632,13
665,770,283310,14,8646,13.0015
666,770,284080,14,8660,13.003
667,970,285050,16,8676,13.0075
668,550,285600,10,8686,13.003
669,790,286390,16,8702,13.0075
670,780,287170,15,8717,13.0104
671,780,287950,15,8732,13.0134
672,980,288930,17,8749,13.0193
673,780,289710,15,8764,13.0223
674,640,290350,15,8779,13.0252
675,820,291170,18,8797,13.0326
676,890,292060,17,8814,13.0385
677,670,292730,13,8827,13.0384
678,780,293510,15,8842,13.0413
679,780,294290,15,8857,13.0442
680,670,294960,13,8870,13.0441
681,990,295950,18,8888,13.0514
682,1070,297020,17,8905,13.0572
683,990,298010,18,8923,13.0644
684,990,299000,18,8941,13.0716
685,990,299990,18,8959,13.0788
686,880,300870,16,8975,13.0831
687,980,301850,17,8992,13.0888
688,990,302840,18,9010,13.0959
689,980,303820,17,9027,13.1016
690,980,304800,17,9044,13.1072
691,890,305690,17,9061,13.1129
692,890,306580,17,9078,13.1185
693,880,307460,16,9094,13.1227
694,990,308450,18,9112,13.1297
695,1000,309450,19,9131,13.1381
696,900,310350,18,9149,13.1451
697,1000,311350,19,9168,13.1535
698,1100,312450,20,9188,13.1633
699,1000,313450,19,9207,13.1717
700,1100,314550,20,9227,13.1814
701,1000,315550,19,9246,13.1897
702,1100,316650,20,9266,13.1994
703,1100,317750,20,9286,13.2091
704,1100,318850,20,9306,13.2188
705,500,319350,20,9326,13.2284
706,940,320290,24,9350,13.2436
707,830,321120,22,9372,13.256
708,500,321620,20,9392,13.2655
709,1100,322720,20,9412,13.275
710,1300,324020,22,9434,13.2873
711,990,325010,18,9452,13.294
712,1200,326210,21,9473,13.3048
713,1200,327410,21,9494,13.3156
714,1500,328910,24,9518,13.3305
715,1400,330310,23,9541,13.3441
716,1000,331310,19,9560,13.352
717,1200,332510,21,9581,13.3626
718,990,333500,18,9599,13.3691
719,1200,334700,21,9620,13.3797
720,1200,335900,21,9641,13.3903
721,1200,337100,21,9662,13.4008
722,1300,338400,22,9684,13.4127
723,1200,339600,21,9705,13.4232
724,1400,341000,23,9728,13.4365
725,1200,342200,21,9749,13.4469
726,1100,343300,20,9769,13.4559
727,1200,344500,21,9790,13.4663
728,1200,345700,21,9811,13.4766
729,990,346690,18,9829,13.4829
730,900,347590,18,9847,13.489
731,1200,348790,21,9868,13.4993
732,1100,349890,20,9888,13.5082
733,1300,351190,22,9910,13.5198
734,1300,352490,22,9932,13.5313
735,1400,353890,23,9955,13.5442
736,1100,354990,20,9975,13.553
737,1100,356090,20,9995,13.5617
738,1200,357290,21,10016,13.5718
739,1200,358490,21,10037,13.5819
740,1240,359730,23,10060,13.5946
741,1120,360850,21,10081,13.6046
742,1200,362050,21,10102,13.6146
743,1200,363250,21,10123,13.6245
744,1000,364250,19,10142,13.6317
745,1420,365670,24,10166,13.6456
746,1100,366770,20,10186,13.6542
747,1420,368190,24,10210,13.668
748,1000,369190,19,10229,13.6751
749,1200,370390,21,10250,13.6849
750,1400,371790,23,10273,13.6973
751,1200,372990,21,10294,13.7071
752,1300,374290,22,10316,13.7181
753,1200,375490,21,10337,13.7278
754,1100,376590,20,10357,13.7361
755,1200,377790,21,10378,13.7457
756,1200,378990,21,10399,13.7553
757,1300,380290,22,10421,13.7662
758,1200,381490,21,10442,13.7757
759,1300,382790,22,10464,13.7866
760,1000,383790,19,10483,13.7934
761,1200,384990,21,10504,13.8029
762,990,385980,18,10522,13.8084
763,890,386870,17,10539,13.8126
764,1200,388070,21,10560,13.822
765,1200,389270,21,10581,13.8314
766,1200,390470,21,10602,13.8407
767,1200,391670,21,10623,13.8501
768,1200,392870,21,10644,13.8594
769,1300,394170,22,10666,13.87
770,1400,395570,23,10689,13.8818
771,1200,396770,21,10710,13.8911
772,1140,397910,22,10732,13.9016
773,520,398430,21,10753,13.9107
774,880,399310,16,10769,13.9134
775,1200,400510,21,10790,13.9226
776,1400,401910,23,10813,13.9343
777,1100,403010,20,10833,13.9421
778,1200,404210,21,10854,13.9512
779,1200,405410,21,10875,13.9602
780,1200,406610,21,10896,13.9692
781,1200,407810,21,10917,13.9782
782,1400,409210,23,10940,13.9898
783,1400,410610,23,10963,14.0013
784,1200,411810,21,10984,14.0102
785,1300,413110,22,11006,14.0204
786,1200,414310,21,11027,14.0293
787,1200,415510,21,11048,14.0381
788,1400,416910,23,11071,14.0495
789,1200,418110,21,11092,14.0583
790,1600,419710,25,11117,14.0722
791,1100,420810,20,11137,14.0796
792,1100,421910,20,11157,14.0871
793,1090,423000,19,11176,14.0933
794,1000,424000,19,11195,14.0995
795,900,424900,18,11213,14.1044
796,1100,426000,20,11233,14.1118
797,1000,427000,19,11252,14.1179
798,1300,428300,22,11274,14.1278
799,1000,429300,19,11293,14.1339
800,1000,430300,19,11312,14.14
801,1200,431500,21,11333,14.1486
802,870,432370,15,11348,14.1496
803,1000,433370,19,11367,14.1557
804,1000,434370,19,11386,14.1617
805,1220,435590,22,11408,14.1714
806,470,436060,18,11426,14.1762
807,470,436530,18,11444,14.1809
808,460,436990,17,11461,14.1844
809,990,437980,18,11479,14.1891
810,510,438490,21,11500,14.1975
811,430,438920,16,11516,14.1998
812,990,439910,18,11534,14.2044
813,860,440770,14,11548,14.2042
814,960,441730,15,11563,14.2052
815,990,442720,18,11581,14.2098
816,990,443710,18,11599,14.2145
817,1000,444710,19,11618,14.2203
818,890,445600,17,11635,14.2237
819,990,446590,18,11653,14.2283
820,770,447360,14,11667,14.228
821,770,448130,14,11681,14.2278
822,880,449010,16,11697,14.2299
823,670,449680,13,11710,14.2284
824,770,450450,14,11724,14.2282
825,780,451230,15,11739,14.2291
826,780,452010,15,11754,14.23
827,780,452790,15,11769,14.231
828,780,453570,15,11784,14.2319
829,680,454250,14,11798,14.2316
830,780,455030,15,11813,14.2325
831,660,455690,12,11825,14.2298
832,770,456460,14,11839,14.2296
833,800,457260,17,11856,14.2329
834,650,457910,11,11867,14.229
835,770,458680,14,11881,14.2287
836,760,459440,13,11894,14.2273
837,650,460090,11,11905,14.2234
838,760,460850,13,11918,14.222
839,880,461730,16,11934,14.2241
840,670,462400,13,11947,14.2226
841,750,463150,12,11959,14.22
842,780,463930,15,11974,14.2209
843,760,464690,13,11987,14.2195
844,390,465080,12,11999,14.2168
845,770,465850,14,12013,14.2166
846,760,466610,13,12026,14.2151
847,650,467260,11,12037,14.2113
848,850,468110,13,12050,14.2099
849,750,468860,12,12062,14.2073
850,750,469610,12,12074,14.2047
851,550,470160,10,12084,14.1998
852,340,470500,7,12091,14.1913
853,340,470840,7,12098,14.1829
854,470,471310,11,12109,14.1792
855,450,471760,9,12118,14.1731
856,450,472210,9,12127,14.1671
857,450,472660,9,12136,14.161
858,450,473110,9,12145,14.155
859,440,473550,8,12153,14.1478
860,440,473990,8,12161,14.1407
861,440,474430,8,12169,14.1336
862,450,474880,9,12178,14.1276
863,650,475530,11,12189,14.124
864,430,475960,7,12196,14.1157
865,440,476400,8,12204,14.1087
866,430,476830,7,12211,14.1005
867,430,477260,7,12218,14.0923
868,520,477780,7,12225,14.0841
869,420,478200,6,12231,14.0748
870,420,478620,6,12237,14.0655
871,420,479040,6,12243,14.0563
872,420,479460,6,12249,14.047
873,240,479700,6,12255,14.0378
874,320,480020,5,12260,14.0275
875,440,480460,8,12268,14.0206
876,210,480670,3,12271,14.008
877,210,480880,3,12274,13.9954
878,240,481120,6,12280,13.9863
879,340,481460,7,12287,13.9784
880,210,481670,3,12290,13.9659
881,210,481880,3,12293,13.9535
882,240,482120,6,12299,13.9444
883,320,482440,5,12304,13.9343
884,310,482750,4,12308,13.9231
885,100,482850,1,12309,13.9085
886,200,483050,2,12311,13.895
887,200,483250,2,12313,13.8816
888,200,483450,2,12315,13.8682
889,100,483550,1,12316,13.8538
890,100,483650,1,12317,13.8393
891,100,483750,1,12318,13.8249
892,100,483850,1,12319,13.8105
893,0,483850,0,12319,13.7951
894,0,483850,0,12319,13.7796
895,220,484070,4,12323,13.7687
896,100,484170,1,12324,13.7545
897,0,484170,0,12324,13.7391
898,0,484170,0,12324,13.7238
899,0,484170,0,12324,13.7086
900,110,484280,2,12326,13.6956
901,0,484280,0,12326,13.6804
902,0,484280,0,12326,13.6652
903,0,484280,0,12326,13.6501
904,0,484280,0,12326,13.635
905,100,484380,1,12327,13.621
906,0,484380,0,12327,13.606
907,200,484580,2,12329,13.5932
908,100,484680,1,12330,13.5793
909,0,484680,0,12330,13.5644
910,100,484780,1,12331,13.5505
911,0,484780,0,12331,13.5357
912,200,484980,2,12333,13.523
913,300,485280,3,12336,13.5115
914,200,485480,2,12338,13.4989
915,310,485790,4,12342,13.4885
916,110,485900,2,12344,13.476
917,320,486220,5,12349,13.4667
918,210,486430,3,12352,13.4553
919,210,486640,3,12355,13.444
920,210,486850,3,12358,13.4326
921,110,486960,2,12360,13.4202
922,210,487170,3,12363,13.4089
923,210,487380,3,12366,13.3976
924,310,487690,4,12370,13.3874
925,420,488110,6,12376,13.3795
926,220,488330,4,12380,13.3693
927,420,488750,6,12386,13.3614
928,450,489200,9,12395,13.3567
929,420,489620,6,12401,13.3488
930,430,490050,7,12408,13.3419
931,430,490480,7,12415,13.3351
932,420,490900,6,12421,13.3273
933,330,491230,6,12427,13.3194
934,430,491660,7,12434,13.3126
935,430,492090,7,12441,13.3059
936,180,492270,6,12447,13.2981
937,220,492490,8,12455,13.2924
938,430,492920,7,12462,13.2857
939,440,493360,8,12470,13.2801
940,550,493910,10,12480,13.2766
941,420,494330,6,12486,13.2689
942,550,494880,10,12496,13.2654
943,450,495330,9,12505,13.2609
944,450,495780,9,12514,13.2564
945,450,496230,9,12523,13.2519
946,450,496680,9,12532,13.2474
947,430,497110,7,12539,13.2408
948,450,497560,9,12548,13.2363
949,450,498010,9,12557,13.2318
950,450,498460,9,12566,13.2274
951,750,499210,12,12578,13.2261
952,750,499960,12,12590,13.2248
953,650,500610,11,12601,13.2225
954,780,501390,15,12616,13.2243
955,770,502160,14,12630,13.2251
956,650,502810,11,12641,13.2228
957,750,503560,12,12653,13.2215
958,660,504220,12,12665,13.2203
959,750,504970,12,12677,13.219
960,760,505730,13,12690,13.2188
961,690,506420,15,12705,13.2206
962,750,507170,12,12717,13.2193
963,760,507930,13,12730,13.2191
964,860,508790,14,12744,13.2199
965,670,509460,13,12757,13.2197
966,870,510330,15,12772,13.2215
967,770,511100,14,12786,13.2223
968,690,511790,14,12800,13.2231
969,660,512450,12,12812,13.2219
970,670,513120,13,12825,13.2216
971,780,513900,15,12840,13.2235
972,780,514680,15,12855,13.2253
973,880,515560,16,12871,13.2282
974,680,516240,14,12885,13.229
975,780,517020,15,12900,13.2308
976,780,517800,15,12915,13.2326
977,780,518580,15,12930,13.2344
978,780,519360,15,12945,13.2362
979,650,520010,11,12956,13.2339
980,800,520810,17,12973,13.2378
981,1120,521930,21,12994,13.2457
982,1100,523030,20,13014,13.2525
983,990,524020,18,13032,13.2574
984,990,525010,18,13050,13.2622
985,890,525900,17,13067,13.266
986,990,526890,18,13085,13.2708
987,990,527880,18,13103,13.2756
988,1100,528980,20,13123,13.2824
989,990,529970,18,13141,13.2872
990,990,530960,18,13159,13.2919
991,990,531950,18,13177,13.2967
992,990,532940,18,13195,13.3014
993,890,533830,17,13212,13.3051
994,990,534820,18,13230,13.3099
995,1100,535920,20,13250,13.3166
996,1000,536920,19,13269,13.3223
997,1100,538020,20,13289,13.329
998,980,539000,17,13306,13.3327
999,990,539990,18,13324,13.3373
1000,1000,540990,19,13343,13.343
1001,1000,541990,19,13362,13.3487
1002,1100,543090,20,13382,13.3553
1003,1100,544190,20,13402,13.3619
1004,1100,545290,20,13422,13.3685
1005,1100,546390,20,13442,13.3751
1006,1000,547390,19,13461,13.3807
1007,1100,548490,20,13481,13.3873
1008,1000,549490,19,13500,13.3929
1009,1100,550590,20,13520,13.3994
1010,1100,551690,20,13540,13.4059
1011,1220,552910,22,13562,13.4144
1012,1200,554110,21,13583,13.4219
1013,1200,555310,21,13604,13.4294
1014,1200,556510,21,13625,13.4369
1015,1200,557710,21,13646,13.4443
1016,1300,559010,22,13668,13.4528
1017,1200,560210,21,13689,13.4602
1018,1200,561410,21,13710,13.4676
1019,1000,562410,19,13729,13.473
1020,1420,563830,24,13753,13.4833
1021,1200,565030,21,13774,13.4907
1022,1420,566450,24,13798,13.501
1023,1200,567650,21,13819,13.5083
1024,1000,568650,19,13838,13.5137
1025,1200,569850,21,13859,13.521
1026,1200,571050,21,13880,13.5283
1027,1200,572250,21,13901,13.5355
1028,1200,573450,21,13922,13.5428
1029,1200,574650,21,13943,13.55
1030,1200,575850,21,13964,13.5573
1031,1300,577150,22,13986,13.5655
1032,1400,578550,23,14009,13.5746
1033,1400,579950,23,14032,13.5837
1034,1200,581150,21,14053,13.5909
1035,1200,582350,21,14074,13.5981
1036,1300,583650,22,14096,13.6062
1037,1600,585250,25,14121,13.6172
1038,1200,586450,21,14142,13.6243
1039,1300,587750,22,14164,13.6323
1040,1200,588950,21,14185,13.6394
1041,1200,590150,21,14206,13.6465
1042,1200,591350,21,14227,13.6536
1043,1200,592550,21,14248,13.6606
1044,1200,593750,21,14269,13.6676
1045,990,594740,18,14287,13.6718
1046,1200,595940,21,14308,13.6788
1047,1400,597340,23,14331,13.6877
1048,1000,598340,19,14350,13.6927
1049,1300,599640,22,14372,13.7007
1050,1500,601140,24,14396,13.7105
1051,1300,602440,22,14418,13.7184
1052,1100,603540,20,14438,13.7243
1053,1200,604740,21,14459,13.7312
1054,900,605640,18,14477,13.7353
1055,1300,606940,22,14499,13.7431
1056,1200,608140,21,14520,13.75
1057,1300,609440,22,14542,13.7578
1058,1000,610440,19,14561,13.7628
1059,1400,611840,23,14584,13.7715
1060,520,612360,21,14605,13.7783
1061,520,612880,21,14626,13.7851
1062,1120,614000,21,14647,13.7919
1063,520,614520,21,14668,13.7987
1064,1100,615620,20,14688,13.8045
1065,520,616140,21,14709,13.8113
1066,560,616700,23,14732,13.8199
1067,540,617240,22,14754,13.8276
1068,870,618110,20,14774,13.8333
1069,520,618630,21,14795,13.84
1070,520,619150,21,14816,13.8467
1071,500,619650,20,14836,13.8525
1072,600,620250,26,14862,13.8638
1073,520,620770,21,14883,13.8705
1074,960,621730,21,14904,13.8771
1075,520,622250,21,14925,13.8837
1076,1500,623750,24,14949,13.8931
1077,1100,624850,20,14969,13.8988
1078,1300,626150,22,14991,13.9063
1079,1200,627350,21,15012,13.9129
1080,1100,628450,20,15032,13.9185
1081,1100,629550,20,15052,13.9241
1082,1500,631050,24,15076,13.9335
1083,1200,632250,21,15097,13.94
1084,520,632770,21,15118,13.9465
1085,520,633290,21,15139,13.953
1086,520,633810,21,15160,13.9595
1087,520,634330,21,15181,13.966
1088,520,634850,21,15202,13.9724
1089,530,635380,22,15224,13.9798
1090,550,635930,23,15247,13.9881
1091,600,636530,21,15268,13.9945
1092,500,637030,20,15288,14
1093,500,637530,20,15308,14.0055
1094,500,638030,20,15328,14.011
1095,500,638530,20,15348,14.0164
1096,500,639030,20,15368,14.0219
1097,520,639550,20,15388,14.0273
1098,500,640050,19,15407,14.0319
1099,620,640670,22,15429,14.0391
1100,510,641180,21,15450,14.0455
1101,480,641660,19,15469,14.05
1102,480,642140,19,15488,14.0544
1103,470,642610,18,15506,14.058
1104,480,643090,19,15525,14.0625
1105,460,643550,18,15543,14.0661
1106,470,644020,18,15561,14.0696
1107,470,644490,18,15579,14.0732
1108,570,645060,19,15598,14.0776
1109,470,645530,18,15616,14.0812
1110,470,646000,18,15634,14.0847
1111,600,646600,21,15655,14.0909
1112,470,647070,18,15673,14.0944
1113,470,647540,18,15691,14.0979
1114,570,648110,19,15710,14.1023
1115,470,648580,18,15728,14.1058
1116,500,649080,20,15748,14.1111
1117,470,649550,18,15766,14.1146
1118,470,650020,18,15784,14.1181
1119,470,650490,18,15802,14.1215
1120,400,650890,14,15816,14.1214
1121,360,651250,12,15828,14.1195
1122,460,651710,17,15845,14.1221
1123,420,652130,15,15860,14.1229
1124,460,652590,18,15878,14.1263
1125,390,652980,13,15891,14.1253
1126,380,653360,13,15904,14.1243
1127,440,653800,16,15920,14.126
1128,420,654220,15,15935,14.1268
1129,880,655100,16,15951,14.1284
1130,1000,656100,19,15970,14.1327
1131,770,656870,14,15984,14.1326
1132,770,657640,14,15998,14.1325
1133,800,658440,17,16015,14.135
1134,770,659210,14,16029,14.1349
1135,770,659980,14,16043,14.1348
1136,660,660640,12,16055,14.1329
1137,550,661190,10,16065,14.1293
1138,650,661840,11,16076,14.1265
1139,540,662380,9,16085,14.122
1140,640,663020,10,16095,14.1184
1141,650,663670,11,16106,14.1157
1142,770,664440,14,16120,14.1156
1143,660,665100,12,16132,14.1137
1144,960,666060,15,16147,14.1145
1145,750,666810,12,16159,14.1127
1146,750,667560,12,16171,14.1108
1147,550,668110,10,16181,14.1072
1148,750,668860,12,16193,14.1054
1149,750,669610,12,16205,14.1036
1150,750,670360,12,16217,14.1017
1151,540,670900,9,16226,14.0973
1152,450,671350,9,16235,14.0929
1153,450,671800,9,16244,14.0885
1154,450,672250,9,16253,14.0841
1155,420,672670,6,16259,14.0771
1156,260,672930,11,16270,14.0744
1157,190,673120,6,16276,14.0674
1158,230,673350,9,16285,14.063
1159,320,673670,9,16294,14.0587
1160,220,673890,8,16302,14.0534
1161,90,673980,5,16307,14.0457
1162,320,674300,9,16316,14.0413
1163,250,674550,10,16326,14.0378
1164,200,674750,7,16333,14.0318
1165,200,674950,7,16340,14.0258
1166,100,675050,6,16346,14.0189
1167,340,675390,11,16357,14.0163
1168,190,675580,6,16363,14.0094
1169,140,675720,3,16366,14
1170,160,675880,4,16370,13.9915
1171,190,676070,6,16376,13.9846
1172,290,676360,7,16383,13.9787
1173,160,676520,4,16387,13.9702
1174,210,676730,7,16394,13.9642
1175,230,676960,9,16403,13.96
1176,150,677110,4,16407,13.9515
1177,50,677160,3,16410,13.9422
1178,150,677310,4,16414,13.9338
1179,50,677360,3,16417,13.9245
1180,70,677430,4,16421,13.9161
1181,50,677480,3,16424,13.9069
1182,50,677530,3,16427,13.8976
1183,50,677580,3,16430,13.8884
1184,50,677630,3,16433,13.8792
1185,40,677670,2,16435,13.8692
1186,40,677710,2,16437,13.8592
1187,20,677730,1,16438,13.8484
1188,20,677750,1,16439,13.8375
1189,20,677770,1,16440,13.8267
1190,20,677790,1,16441,13.816
1191,120,677910,2,16443,13.806
1192,60,677970,3,16446,13.797
1193,0,677970,0,16446,13.7854
1194,0,677970,0,16446,13.7739
1195,100,678070,1,16447,13.7632
1196,0,678070,0,16447,13.7517
1197,0,678070,0,16447,13.7402
1198,0,678070,0,16447,13.7287
1199,0,678070,0,16447,13.7173
