Index,CurrentCost,TotalCost,CurrentPackets,TotalPackets, TrafficIntensity
1,1300,1300,38,38,38
2,480,1780,19,57,28.5
3,500,2280,20,77,25.6667
4,480,2760,19,96,24
5,510,3270,21,117,23.4
6,450,3720,17,134,22.3333
7,370,4090,17,151,21.5714
8,470,4560,18,169,21.125
9,500,5060,20,189,21
10,470,5530,18,207,20.7
11,360,5890,16,223,20.2727
12,430,6320,16,239,19.9167
13,480,6800,19,258,19.8462
14,470,7270,18,276,19.7143
15,470,7740,18,294,19.6
16,470,8210,18,312,19.5
17,470,8680,18,330,19.4118
18,470,9150,18,348,19.3333
19,470,9620,18,366,19.2632
20,460,10080,17,383,19.15
21,460,10540,17,400,19.0476
22,440,10980,16,416,18.9091
23,360,11340,16,432,18.7826
24,440,11780,16,448,18.6667
25,460,12240,17,465,18.6
26,360,12600,16,481,18.5
27,460,13060,17,498,18.4444
28,380,13440,17,515,18.3929
29,440,13880,16,531,18.3103
30,440,14320,16,547,18.2333
31,460,14780,17,564,18.1935
32,460,15240,17,581,18.1562
33,460,15700,17,598,18.1212
34,420,16120,14,612,18
35,460,16580,17,629,17.9714
36,460,17040,17,646,17.9444
37,430,17470,15,661,17.8649
38,430,17900,15,676,17.7895
39,480,18380,18,694,17.7949
40,460,18840,17,711,17.775
41,430,19270,15,726,17.7073
42,450,19720,16,742,17.6667
43,440,20160,16,758,17.6279
44,450,20610,16,774,17.5909
45,460,21070,16,790,17.5556
46,550,21620,17,807,17.5435
47,470,22090,17,824,17.5319
48,430,22520,15,839,17.4792
49,390,22910,13,852,17.3878
50,430,23340,15,867,17.34
51,390,23730,12,879,17.2353
52,330,24060,9,888,17.0769
53,370,24430,11,899,16.9623
54,410,24840,14,913,16.9074
55,410,25250,14,927,16.8545
56,370,25620,12,939,16.7679
57,390,26010,12,951,16.6842
58,390,26400,13,964,16.6207
59,400,26800,13,977,16.5593
60,400,27200,13,990,16.5
61,540,27740,16,1006,16.4918
62,430,28170,15,1021,16.4677
63,400,28570,13,1034,16.4127
64,370,28940,11,1045,16.3281
65,380,29320,12,1057,16.2615
66,430,29750,15,1072,16.2424
67,390,30140,13,1085,16.194
68,390,30530,12,1097,16.1324
69,370,30900,11,1108,16.058
70,430,31330,15,1123,16.0429
71,340,31670,9,1132,15.9437
72,370,32040,11,1143,15.875
73,410,32450,13,1156,15.8356
74,330,32780,9,1165,15.7432
75,470,33250,12,1177,15.6933
76,450,33700,11,1188,15.6316
77,350,34050,10,1198,15.5584
78,350,34400,10,1208,15.4872
79,390,34790,12,1220,15.443
80,370,35160,11,1231,15.3875
81,380,35540,12,1243,15.3457
82,350,35890,10,1253,15.2805
83,350,36240,10,1263,15.2169
84,350,36590,10,1273,15.1548
85,300,36890,7,1280,15.0588
86,280,37170,6,1286,14.9535
87,300,37470,7,1293,14.8621
88,420,37890,9,1302,14.7955
89,300,38190,7,1309,14.7079
90,320,38510,8,1317,14.6333
91,320,38830,8,1325,14.5604
92,300,39130,7,1332,14.4783
93,300,39430,7,1339,14.3978
94,320,39750,8,1347,14.3298
95,300,40050,7,1354,14.2526
96,300,40350,7,1361,14.1771
97,300,40650,7,1368,14.1031
98,300,40950,7,1375,14.0306
99,280,41230,6,1381,13.9495
100,410,41640,9,1390,13.9
101,380,42020,7,1397,13.8317
102,280,42300,6,1403,13.7549
103,380,42680,7,1410,13.6893
104,280,42960,6,1416,13.6154
105,380,43340,7,1423,13.5524
106,260,43600,5,1428,13.4717
107,280,43880,6,1434,13.4019
108,300,44180,7,1441,13.3426
109,260,44440,5,1446,13.2661
110,300,44740,7,1453,13.2091
111,300,45040,7,1460,13.1532
112,380,45420,7,1467,13.0982
113,300,45720,7,1474,13.0442
114,360,46080,11,1485,13.0263
115,280,46360,6,1491,12.9652
116,290,46650,7,1498,12.9138
117,430,47080,11,1509,12.8974
118,290,47370,7,1516,12.8475
119,290,47660,7,1523,12.7983
120,290,47950,7,1530,12.75
121,290,48240,7,1537,12.7025
122,270,48510,6,1543,12.6475
123,290,48800,7,1550,12.6016
124,270,49070,6,1556,12.5484
125,270,49340,6,1562,12.496
126,240,49580,4,1566,12.4286
127,290,49870,7,1573,12.3858
128,330,50200,10,1583,12.3672
129,270,50470,6,1589,12.3178
130,290,50760,7,1596,12.2769
131,290,51050,7,1603,12.2366
132,330,51380,10,1613,12.2197
133,340,51720,10,1623,12.203
134,290,52010,7,1630,12.1642
135,310,52320,9,1639,12.1407
136,280,52600,7,1646,12.1029
137,300,52900,8,1654,12.073
138,260,53160,5,1659,12.0217
139,280,53440,7,1666,11.9856
140,280,53720,7,1673,11.95
141,280,54000,7,1680,11.9149
142,290,54290,8,1688,11.8873
143,290,54580,8,1696,11.8601
144,290,54870,8,1704,11.8333
145,290,55160,8,1712,11.8069
146,290,55450,8,1720,11.7808
147,270,55720,7,1727,11.7483
148,290,56010,8,1735,11.723
149,290,56300,8,1743,11.698
150,340,56640,11,1754,11.6933
151,290,56930,8,1762,11.6689
152,310,57240,9,1771,11.6513
153,330,57570,10,1781,11.6405
154,310,57880,9,1790,11.6234
155,320,58200,10,1800,11.6129
156,350,58550,11,1811,11.609
157,350,58900,11,1822,11.6051
158,350,59250,11,1833,11.6013
159,350,59600,11,1844,11.5975
160,320,59920,10,1854,11.5875
161,300,60220,9,1863,11.5714
162,300,60520,8,1871,11.5494
163,320,60840,10,1881,11.5399
164,320,61160,10,1891,11.5305
165,440,61600,12,1903,11.5333
166,340,61940,11,1914,11.5301
167,300,62240,9,1923,11.515
168,340,62580,11,1934,11.5119
169,340,62920,11,1945,11.5089
170,360,63280,12,1957,11.5118
171,310,63590,9,1966,11.4971
172,340,63930,11,1977,11.4942
173,340,64270,11,1988,11.4913
174,340,64610,11,1999,11.4885
175,360,64970,12,2011,11.4914
176,380,65350,13,2024,11.5
177,360,65710,12,2036,11.5028
178,340,66050,11,2047,11.5
179,360,66410,12,2059,11.5028
180,360,66770,12,2071,11.5056
181,370,67140,13,2084,11.5138
182,370,67510,13,2097,11.522
183,270,67780,12,2109,11.5246
184,410,68190,15,2124,11.5435
185,370,68560,13,2137,11.5514
186,370,68930,13,2150,11.5591
187,390,69320,14,2164,11.5722
188,260,69580,11,2175,11.5691
189,400,69980,15,2190,11.5873
190,390,70370,14,2204,11.6
191,390,70760,14,2218,11.6126
192,420,71180,16,2234,11.6354
193,390,71570,14,2248,11.6477
194,290,71860,14,2262,11.6598
195,400,72260,15,2277,11.6769
196,400,72660,15,2292,11.6939
197,380,73040,14,2306,11.7056
198,400,73440,15,2321,11.7222
199,400,73840,15,2336,11.7387
200,360,74200,12,2348,11.74
201,320,74520,15,2363,11.7562
202,300,74820,13,2376,11.7624
203,320,75140,15,2391,11.7783
204,300,75440,13,2404,11.7843
205,320,75760,15,2419,11.8
206,410,76170,20,2439,11.8398
207,340,76510,16,2455,11.8599
208,340,76850,16,2471,11.8798
209,320,77170,15,2486,11.8947
210,310,77480,14,2500,11.9048
211,300,77780,14,2514,11.9147
212,340,78120,16,2530,11.934
213,340,78460,16,2546,11.9531
214,360,78820,17,2563,11.9766
215,320,79140,14,2577,11.986
216,360,79500,17,2594,12.0093
217,360,79860,17,2611,12.0323
218,360,80220,17,2628,12.055
219,360,80580,17,2645,12.0776
220,460,81040,18,2663,12.1045
221,340,81380,16,2679,12.1222
222,360,81740,17,2696,12.1441
223,400,82140,20,2716,12.1794
224,380,82520,18,2734,12.2054
225,260,82780,16,2750,12.2222
226,250,83030,16,2766,12.2389
227,260,83290,16,2782,12.2555
228,230,83520,14,2796,12.2632
229,260,83780,16,2812,12.2795
230,260,84040,16,2828,12.2957
231,310,84350,19,2847,12.3247
232,320,84670,19,2866,12.3534
233,260,84930,16,2882,12.3691
234,240,85170,14,2896,12.3761
235,240,85410,14,2910,12.383
236,280,85690,17,2927,12.4025
237,280,85970,17,2944,12.4219
238,280,86250,17,2961,12.4412
239,280,86530,17,2978,12.4603
240,280,86810,17,2995,12.4792
241,380,87190,18,3013,12.5021
242,280,87470,17,3030,12.5207
243,280,87750,17,3047,12.5391
244,290,88040,18,3065,12.5615
245,280,88320,17,3082,12.5796
246,290,88610,18,3100,12.6016
247,280,88890,17,3117,12.6194
248,280,89170,17,3134,12.6371
249,290,89460,18,3152,12.6586
250,340,89800,21,3173,12.692
251,280,90080,17,3190,12.7092
252,300,90380,18,3208,12.7302
253,350,90730,21,3229,12.7628
254,350,91080,21,3250,12.7953
255,300,91380,18,3268,12.8157
256,300,91680,18,3286,12.8359
257,300,91980,18,3304,12.856
258,300,92280,18,3322,12.876
259,300,92580,18,3340,12.8958
260,300,92880,18,3358,12.9154
261,300,93180,18,3376,12.9349
262,280,93460,17,3393,12.9504
263,300,93760,18,3411,12.9696
264,300,94060,18,3429,12.9886
265,300,94360,18,3447,13.0075
266,300,94660,18,3465,13.0263
267,300,94960,18,3483,13.0449
268,300,95260,18,3501,13.0634
269,300,95560,18,3519,13.0818
270,300,95860,18,3537,13.1
271,310,96170,19,3556,13.1218
272,300,96470,18,3574,13.1397
273,310,96780,19,3593,13.1612
274,260,97040,15,3608,13.1679
275,440,97480,22,3630,13.2
276,480,97960,19,3649,13.221
277,500,98460,20,3669,13.2455
278,520,98980,21,3690,13.2734
279,400,99380,19,3709,13.2939
280,400,99780,19,3728,13.3143
281,350,100130,16,3744,13.3238
282,400,100530,19,3763,13.344
283,400,100930,19,3782,13.364
284,400,101330,19,3801,13.3838
285,400,101730,19,3820,13.4035
286,400,102130,19,3839,13.4231
287,450,102580,22,3861,13.453
288,360,102940,17,3878,13.4653
289,400,103340,19,3897,13.4844
290,280,103620,17,3914,13.4966
291,380,104000,18,3932,13.512
292,410,104410,20,3952,13.5342
293,380,104790,18,3970,13.5495
294,470,105260,23,3993,13.5816
295,420,105680,20,4013,13.6034
296,380,106060,18,4031,13.6182
297,480,106540,19,4050,13.6364
298,480,107020,19,4069,13.6544
299,380,107400,18,4087,13.6689
300,400,107800,19,4106,13.6867
301,480,108280,19,4125,13.7043
302,500,108780,20,4145,13.7252
303,480,109260,19,4164,13.7426
304,480,109740,19,4183,13.7599
305,480,110220,19,4202,13.777
306,470,110690,18,4220,13.7908
307,470,111160,18,4238,13.8046
308,360,111520,17,4255,13.8149
309,430,111950,15,4270,13.8188
310,470,112420,18,4288,13.8323
311,470,112890,18,4306,13.8457
312,470,113360,18,4324,13.859
313,470,113830,18,4342,13.8722
314,470,114300,18,4360,13.8854
315,470,114770,18,4378,13.8984
316,450,115220,17,4395,13.9082
317,480,115700,19,4414,13.9243
318,510,116210,21,4435,13.9465
319,450,116660,17,4452,13.9561
320,460,117120,17,4469,13.9656
321,460,117580,17,4486,13.9751
322,540,118120,22,4508,14
323,460,118580,17,4525,14.0093
324,460,119040,17,4542,14.0185
325,470,119510,18,4560,14.0308
326,460,119970,17,4577,14.0399
327,460,120430,17,4594,14.0489
328,480,120910,18,4612,14.061
329,440,121350,16,4628,14.0669
330,460,121810,17,4645,14.0758
331,460,122270,17,4662,14.0846
332,460,122730,17,4679,14.0934
333,460,123190,17,4696,14.1021
334,460,123650,17,4713,14.1108
335,460,124110,17,4730,14.1194
336,490,124600,19,4749,14.1339
337,460,125060,17,4766,14.1424
338,450,125510,16,4782,14.1479
339,450,125960,16,4798,14.1534
340,490,126450,19,4817,14.1676
341,450,126900,16,4833,14.173
342,450,127350,16,4849,14.1784
343,450,127800,16,4865,14.1837
344,450,128250,16,4881,14.189
345,390,128640,13,4894,14.1855
346,430,129070,15,4909,14.1879
347,430,129500,15,4924,14.1902
348,410,129910,13,4937,14.1868
349,430,130340,15,4952,14.1891
350,430,130770,15,4967,14.1914
351,410,131180,14,4981,14.1909
352,510,131690,15,4996,14.1932
353,390,132080,12,5008,14.187
354,410,132490,14,5022,14.1864
355,390,132880,12,5034,14.1803
356,410,133290,14,5048,14.1798
357,410,133700,14,5062,14.1793
358,410,134110,14,5076,14.1788
359,440,134550,16,5092,14.1838
360,400,134950,13,5105,14.1806
361,400,135350,13,5118,14.1773
362,500,135850,14,5132,14.1768
363,380,136230,12,5144,14.1708
364,380,136610,12,5156,14.1648
365,400,137010,13,5169,14.1616
366,440,137450,16,5185,14.1667
367,420,137870,14,5199,14.1662
368,350,138220,10,5209,14.1549
369,390,138610,12,5221,14.1491
370,330,138940,9,5230,14.1351
371,380,139320,12,5242,14.1294
372,370,139690,11,5253,14.121
373,470,140160,12,5265,14.1153
374,370,140530,11,5276,14.107
375,470,141000,12,5288,14.1013
376,350,141350,10,5298,14.0904
377,350,141700,10,5308,14.0796
378,290,141990,7,5315,14.0608
379,330,142320,9,5324,14.0475
380,350,142670,10,5334,14.0368
381,410,143080,13,5347,14.0341
382,350,143430,10,5357,14.0236
383,340,143770,9,5366,14.0104
384,350,144120,10,5376,14
385,320,144440,8,5384,13.9844
386,320,144760,8,5392,13.9689
387,320,145080,8,5400,13.9535
388,350,145430,10,5410,13.9433
389,300,145730,7,5417,13.9254
390,320,146050,8,5425,13.9103
391,320,146370,8,5433,13.8951
392,300,146670,7,5440,13.8776
393,300,146970,7,5447,13.8601
394,280,147250,6,5453,13.8401
395,300,147550,7,5460,13.8228
396,300,147850,7,5467,13.8056
397,280,148130,6,5473,13.7859
398,280,148410,6,5479,13.7663
399,330,148740,9,5488,13.7544
400,440,149180,10,5498,13.745
401,280,149460,6,5504,13.7257
402,260,149720,5,5509,13.704
403,280,150000,6,5515,13.6849
404,260,150260,5,5520,13.6634
405,260,150520,5,5525,13.642
406,380,150900,7,5532,13.6256
407,280,151180,6,5538,13.6069
408,300,151480,7,5545,13.5907
409,300,151780,7,5552,13.5746
410,310,152090,8,5560,13.561
411,280,152370,6,5566,13.5426
412,300,152670,7,5573,13.5267
413,300,152970,7,5580,13.5109
414,320,153290,8,5588,13.4976
415,260,153550,5,5593,13.4771
416,310,153860,8,5601,13.4639
417,310,154170,8,5609,13.4508
418,290,154460,7,5616,13.4354
419,290,154750,7,5623,13.42
420,250,155000,5,5628,13.4
421,220,155220,3,5631,13.3753
422,290,155510,7,5638,13.3602
423,390,155900,8,5646,13.3475
424,290,156190,7,5653,13.3325
425,410,156600,9,5662,13.3224
426,290,156890,7,5669,13.3075
427,260,157150,5,5674,13.2881
428,290,157440,7,5681,13.2734
429,290,157730,7,5688,13.2587
430,290,158020,7,5695,13.2442
431,310,158330,9,5704,13.2343
432,310,158640,8,5712,13.2222
433,280,158920,7,5719,13.2079
434,280,159200,7,5726,13.1935
435,300,159500,8,5734,13.1816
436,300,159800,8,5742,13.1697
437,300,160100,8,5750,13.1579
438,300,160400,8,5758,13.1461
439,290,160690,8,5766,13.1344
440,290,160980,8,5774,13.1227
441,280,161260,7,5781,13.1088
442,290,161550,8,5789,13.0973
443,370,161920,7,5796,13.0835
444,420,162340,11,5807,13.0788
445,290,162630,8,5815,13.0674
446,290,162920,8,5823,13.0561
447,270,163190,6,5829,13.0403
448,390,163580,9,5838,13.0312
449,290,163870,8,5846,13.02
450,290,164160,8,5854,13.0089
451,270,164430,6,5860,12.9933
452,310,164740,9,5869,12.9845
453,330,165070,10,5879,12.9779
454,310,165380,9,5888,12.9692
455,350,165730,12,5900,12.967
456,290,166020,8,5908,12.9561
457,280,166300,7,5915,12.9431
458,310,166610,9,5924,12.9345
459,290,166900,8,5932,12.9237
460,450,167350,13,5945,12.9239
461,340,167690,11,5956,12.9197
462,340,168030,11,5967,12.9156
463,340,168370,11,5978,12.9114
464,340,168710,11,5989,12.9073
465,320,169030,10,5999,12.9011
466,380,169410,14,6013,12.9034
467,330,169740,10,6023,12.8972
468,340,170080,11,6034,12.8932
469,360,170440,12,6046,12.8913
470,350,170790,12,6058,12.8894
471,240,171030,10,6068,12.8832
472,340,171370,11,6079,12.8792
473,360,171730,12,6091,12.8774
474,340,172070,11,6102,12.8734
475,370,172440,13,6115,12.8737
476,400,172840,15,6130,12.8782
477,360,173200,12,6142,12.8763
478,360,173560,12,6154,12.8745
479,360,173920,12,6166,12.8727
480,370,174290,13,6179,12.8729
481,390,174680,14,6193,12.8753
482,410,175090,16,6209,12.8817
483,410,175500,16,6225,12.8882
484,370,175870,13,6238,12.8884
485,370,176240,13,6251,12.8887
486,370,176610,13,6264,12.8889
487,390,177000,14,6278,12.8912
488,420,177420,15,6293,12.8955
489,410,177830,15,6308,12.8998
490,390,178220,14,6322,12.902
491,390,178610,14,6336,12.9043
492,390,179000,14,6350,12.9065
493,390,179390,14,6364,12.9087
494,410,179800,15,6379,12.913
495,400,180200,15,6394,12.9172
496,450,180650,18,6412,12.9274
497,360,181010,12,6424,12.9256
498,400,181410,15,6439,12.9297
499,400,181810,15,6454,12.9339
500,430,182240,17,6471,12.942
501,320,182560,15,6486,12.9461
502,310,182870,14,6500,12.9482
503,410,183280,20,6520,12.9622
504,370,183650,18,6538,12.9722
505,320,183970,15,6553,12.9762
506,320,184290,15,6568,12.9802
507,340,184630,16,6584,12.9862
508,280,184910,13,6597,12.9862
509,320,185230,15,6612,12.9902
510,280,185510,13,6625,12.9902
511,320,185830,15,6640,12.9941
512,340,186170,16,6656,13
513,300,186470,14,6670,13.0019
514,340,186810,16,6686,13.0078
515,360,187170,17,6703,13.0155
516,340,187510,16,6719,13.0213
517,400,187910,19,6738,13.0329
518,340,188250,16,6754,13.0386
519,320,188570,15,6769,13.0424
520,360,188930,17,6786,13.05
521,380,189310,18,6804,13.0595
522,360,189670,17,6821,13.067
523,360,190030,17,6838,13.0746
524,260,190290,16,6854,13.0802
525,360,190650,17,6871,13.0876
526,360,191010,17,6888,13.0951
527,290,191300,18,6906,13.1044
528,260,191560,16,6922,13.1098
529,230,191790,14,6936,13.1115
530,260,192050,16,6952,13.117
531,400,192450,19,6971,13.1281
532,280,192730,17,6988,13.1353
533,280,193010,17,7005,13.1426
534,260,193270,16,7021,13.1479
535,290,193560,18,7039,13.157
536,280,193840,17,7056,13.1642
537,390,194230,19,7075,13.175
538,280,194510,17,7092,13.1822
539,400,194910,19,7111,13.1929
540,280,195190,17,7128,13.2
541,280,195470,17,7145,13.207
542,280,195750,17,7162,13.214
543,280,196030,17,7179,13.221
544,260,196290,16,7195,13.2261
545,280,196570,17,7212,13.233
546,280,196850,17,7229,13.2399
547,250,197100,15,7244,13.2431
548,280,197380,17,7261,13.25
549,240,197620,15,7276,13.2532
550,290,197910,18,7294,13.2618
551,320,198230,20,7314,13.274
552,280,198510,17,7331,13.2808
553,300,198810,18,7349,13.2893
554,280,199090,17,7366,13.296
555,300,199390,18,7384,13.3045
556,260,199650,15,7399,13.3076
557,340,199990,20,7419,13.3196
558,280,200270,17,7436,13.3262
559,400,200670,19,7455,13.3363
560,310,200980,19,7474,13.3464
561,340,201320,21,7495,13.3601
562,300,201620,18,7513,13.3683
563,300,201920,18,7531,13.3766
564,300,202220,18,7549,13.3848
565,320,202540,19,7568,13.3947
566,300,202840,18,7586,13.4028
567,280,203120,17,7603,13.4092
568,320,203440,19,7622,13.419
569,300,203740,18,7640,13.4271
570,300,204040,18,7658,13.4351
571,300,204340,18,7676,13.4431
572,300,204640,17,7693,13.4493
573,320,204960,19,7712,13.459
574,300,205260,18,7730,13.4669
575,320,205580,19,7749,13.4765
576,400,205980,19,7768,13.4861
577,400,206380,19,7787,13.4957
578,440,206820,22,7809,13.5104
579,400,207220,19,7828,13.5199
580,400,207620,19,7847,13.5293
581,400,208020,19,7866,13.5387
582,400,208420,19,7885,13.5481
583,300,208720,18,7903,13.5557
584,500,209220,20,7923,13.5668
585,360,209580,16,7939,13.5709
586,360,209940,16,7955,13.5751
587,330,210270,15,7970,13.5775
588,400,210670,19,7989,13.5867
589,360,211030,17,8006,13.5925
590,380,211410,18,8024,13.6
591,480,211890,19,8043,13.6091
592,410,212300,20,8063,13.6199
593,380,212680,18,8081,13.6273
594,280,212960,17,8098,13.633
595,260,213220,15,8113,13.6353
596,240,213460,15,8128,13.6376
597,380,213840,18,8146,13.6449
598,360,214200,16,8162,13.6488
599,380,214580,18,8180,13.6561
600,400,214980,19,8199,13.665
601,460,215440,18,8217,13.6722
602,500,215940,20,8237,13.6827
603,480,216420,19,8256,13.6915
604,480,216900,19,8275,13.7003
605,520,217420,21,8296,13.7124
606,490,217910,19,8315,13.7211
607,430,218340,15,8330,13.7232
608,450,218790,17,8347,13.7286
609,470,219260,18,8365,13.7356
610,470,219730,18,8383,13.7426
611,470,220200,18,8401,13.7496
612,490,220690,19,8420,13.7582
613,500,221190,20,8440,13.7684
614,300,221490,13,8453,13.7671
615,470,221960,18,8471,13.774
616,470,222430,18,8489,13.7808
617,470,222900,18,8507,13.7877
618,470,223370,18,8525,13.7945
619,350,223720,16,8541,13.7981
620,460,224180,17,8558,13.8032
621,480,224660,18,8576,13.81
622,540,225200,22,8598,13.8232
623,460,225660,17,8615,13.8283
624,480,226140,18,8633,13.8349
625,460,226600,17,8650,13.84
626,460,227060,17,8667,13.845
627,460,227520,17,8684,13.8501
628,340,227860,15,8699,13.8519
629,480,228340,19,8718,13.8601
630,430,228770,15,8733,13.8619
631,460,229230,17,8750,13.8669
632,460,229690,17,8767,13.8718
633,480,230170,18,8785,13.8784
634,500,230670,19,8804,13.8864
635,420,231090,14,8818,13.8866
636,460,231550,17,8835,13.8915
637,440,231990,16,8851,13.8948
638,460,232450,17,8868,13.8997
639,460,232910,17,8885,13.9045
640,460,233370,17,8902,13.9094
641,450,233820,16,8918,13.9126
642,590,234410,19,8937,13.9206
643,450,234860,16,8953,13.9238
644,450,235310,16,8969,13.927
645,430,235740,15,8984,13.9287
646,450,236190,16,9000,13.9319
647,490,236680,18,9018,13.9382
648,450,237130,16,9034,13.9414
649,460,237590,17,9051,13.9461
650,430,238020,15,9066,13.9477
651,370,238390,12,9078,13.9447
652,410,238800,14,9092,13.9448
653,410,239210,14,9106,13.9449
654,410,239620,14,9120,13.945
655,410,240030,14,9134,13.945
656,400,240430,13,9147,13.9436
657,410,240840,14,9161,13.9437
658,410,241250,14,9175,13.9438
659,400,241650,13,9188,13.9423
660,360,242010,11,9199,13.9379
661,370,242380,12,9211,13.9349
662,400,242780,13,9224,13.9335
663,360,243140,11,9235,13.9291
664,400,243540,13,9248,13.9277
665,380,243920,12,9260,13.9248
666,400,244320,13,9273,13.9234
667,360,244680,10,9283,13.9175
668,400,245080,13,9296,13.9162
669,400,245480,13,9309,13.9148
670,330,245810,9,9318,13.9075
671,470,246280,12,9330,13.9046
672,410,246690,13,9343,13.9033
673,370,247060,11,9354,13.899
674,370,247430,11,9365,13.8947
675,370,247800,11,9376,13.8904
676,450,248250,11,9387,13.8861
677,350,248600,10,9397,13.8804
678,350,248950,10,9407,13.8746
679,350,249300,10,9417,13.8689
680,350,249650,10,9427,13.8632
681,350,250000,10,9437,13.8576
682,350,250350,10,9447,13.8519
683,350,250700,10,9457,13.8463
684,390,251090,12,9469,13.8436
685,360,251450,10,9479,13.838
686,400,251850,8,9487,13.8294
687,350,252200,10,9497,13.8239
688,320,252520,8,9505,13.8154
689,320,252840,8,9513,13.807
690,320,253160,8,9521,13.7986
691,320,253480,8,9529,13.7902
692,280,253760,6,9535,13.7789
693,340,254100,9,9544,13.772
694,300,254400,7,9551,13.7622
695,320,254720,8,9559,13.754
696,280,255000,6,9565,13.7428
697,260,255260,5,9570,13.7303
698,400,255660,8,9578,13.7221
699,260,255920,5,9583,13.7096
700,400,256320,8,9591,13.7014
701,280,256600,6,9597,13.6904
702,280,256880,6,9603,13.6795
703,260,257140,5,9608,13.6671
704,280,257420,6,9614,13.6562
705,280,257700,6,9620,13.6454
706,280,257980,6,9626,13.6346
707,220,258200,3,9629,13.6195
708,330,258530,9,9638,13.613
709,280,258810,6,9644,13.6023
710,320,259130,8,9652,13.5944
711,300,259430,7,9659,13.5851
712,300,259730,7,9666,13.5758
713,320,260050,8,9674,13.568
714,280,260330,6,9680,13.5574
715,280,260610,6,9686,13.5469
716,290,260900,7,9693,13.5377
717,290,261190,7,9700,13.5286
718,360,261550,11,9711,13.5251
719,290,261840,7,9718,13.516
720,290,262130,7,9725,13.5069
721,290,262420,7,9732,13.4979
722,290,262710,7,9739,13.4889
723,280,262990,6,9745,13.4786
724,390,263380,8,9753,13.471
725,310,263690,8,9761,13.4634
726,290,263980,7,9768,13.4545
727,290,264270,7,9775,13.4457
728,270,264540,6,9781,13.4354
729,290,264830,7,9788,13.4266
730,270,265100,6,9794,13.4164
731,290,265390,7,9801,13.4077
732,390,265780,8,9809,13.4003
733,280,266060,7,9816,13.3915
734,300,266360,8,9824,13.3842
735,300,266660,8,9832,13.3769
736,250,266910,5,9837,13.3655
737,300,267210,8,9845,13.3582
738,300,267510,8,9853,13.3509
739,280,267790,7,9860,13.3424
740,280,268070,7,9867,13.3338
741,280,268350,7,9874,13.3252
742,290,268640,8,9882,13.3181
743,290,268930,8,9890,13.3109
744,270,269200,7,9897,13.3024
745,290,269490,8,9905,13.2953
746,390,269880,9,9914,13.2895
747,310,270190,9,9923,13.2838
748,410,270600,10,9933,13.2794
749,280,270880,7,9940,13.271
750,310,271190,9,9949,13.2653
751,310,271500,9,9958,13.2597
752,410,271910,10,9968,13.2553
753,350,272260,11,9979,13.2523
754,290,272550,8,9987,13.2454
755,310,272860,9,9996,13.2397
756,310,273170,9,10005,13.2341
757,310,273480,9,10014,13.2285
758,410,273890,10,10024,13.2243
759,310,274200,9,10033,13.2187
760,320,274520,10,10043,13.2145
761,320,274840,10,10053,13.2102
762,340,275180,11,10064,13.2073
763,320,275500,10,10074,13.2031
764,380,275880,13,10087,13.2029
765,380,276260,14,10101,13.2039
766,300,276560,9,10110,13.1984
767,370,276930,13,10123,13.1982
768,350,277280,11,10134,13.1953
769,340,277620,11,10145,13.1925
770,320,277940,10,10155,13.1883
771,340,278280,11,10166,13.1855
772,190,278470,7,10173,13.1775
773,340,278810,11,10184,13.1746
774,340,279150,11,10195,13.1718
775,400,279550,14,10209,13.1729
776,360,279910,12,10221,13.1714
777,360,280270,12,10233,13.1699
778,360,280630,12,10245,13.1684
779,320,280950,10,10255,13.1643
780,240,281190,10,10265,13.1603
781,330,281520,11,10276,13.1575
782,370,281890,13,10289,13.1573
783,330,282220,11,10300,13.1545
784,430,282650,16,10316,13.1582
785,400,283050,15,10331,13.1605
786,250,283300,11,10342,13.1578
787,430,283730,16,10358,13.1614
788,390,284120,14,10372,13.1624
789,390,284510,14,10386,13.1635
790,390,284900,14,10400,13.1646
791,390,285290,14,10414,13.1656
792,390,285680,14,10428,13.1667
793,390,286070,14,10442,13.1677
794,410,286480,15,10457,13.17
795,400,286880,15,10472,13.1723
796,400,287280,15,10487,13.1746
797,400,287680,15,10502,13.1769
798,420,288100,16,10518,13.1805
799,400,288500,15,10533,13.1827
800,400,288900,15,10548,13.185
801,220,289120,14,10562,13.186
802,340,289460,16,10578,13.1895
803,320,289780,15,10593,13.1918
804,320,290100,15,10608,13.194
805,310,290410,14,10622,13.195
806,370,290780,18,10640,13.201
807,240,291020,15,10655,13.2032
808,220,291240,14,10669,13.2042
809,300,291540,13,10682,13.204
810,340,291880,16,10698,13.2074
811,310,292190,14,10712,13.2084
812,340,292530,16,10728,13.2118
813,270,292800,17,10745,13.2165
814,350,293150,17,10762,13.2211
815,390,293540,19,10781,13.2282
816,360,293900,17,10798,13.2328
817,220,294120,14,10812,13.2338
818,360,294480,17,10829,13.2384
819,400,294880,19,10848,13.2454
820,340,295220,16,10864,13.2488
821,360,295580,17,10881,13.2533
822,380,295960,18,10899,13.2591
823,360,296320,17,10916,13.2637
824,360,296680,17,10933,13.2682
825,320,297000,15,10948,13.2703
826,260,297260,16,10964,13.2736
827,260,297520,16,10980,13.2769
828,260,297780,16,10996,13.2802
829,300,298080,19,11015,13.2871
830,260,298340,16,11031,13.2904
831,280,298620,17,11048,13.2948
832,250,298870,15,11063,13.2969
833,260,299130,16,11079,13.3001
834,280,299410,17,11096,13.3046
835,280,299690,17,11113,13.309
836,280,299970,17,11130,13.3134
837,240,300210,15,11145,13.3154
838,280,300490,17,11162,13.3198
839,280,300770,17,11179,13.3242
840,280,301050,17,11196,13.3286
841,280,301330,17,11213,13.3329
842,280,301610,17,11230,13.3373
843,280,301890,17,11247,13.3416
844,280,302170,17,11264,13.346
845,280,302450,17,11281,13.3503
846,260,302710,16,11297,13.3534
847,280,302990,17,11314,13.3577
848,280,303270,17,11331,13.362
849,280,303550,17,11348,13.3663
850,250,303800,16,11364,13.3694
851,280,304080,17,11381,13.3737
852,310,304390,19,11400,13.3803
853,300,304690,18,11418,13.3857
854,400,305090,19,11437,13.3923
855,300,305390,18,11455,13.3977
856,300,305690,18,11473,13.403
857,300,305990,18,11491,13.4084
858,300,306290,18,11509,13.4138
859,300,306590,18,11527,13.4191
860,300,306890,18,11545,13.4244
861,340,307230,21,11566,13.4332
862,340,307570,21,11587,13.442
863,330,307900,20,11607,13.4496
864,300,308200,18,11625,13.4549
865,300,308500,18,11643,13.4601
866,400,308900,19,11662,13.4665
867,300,309200,18,11680,13.4717
868,300,309500,18,11698,13.477
869,310,309810,19,11717,13.4833
870,280,310090,17,11734,13.4874
871,310,310400,19,11753,13.4937
872,280,310680,17,11770,13.4977
873,300,310980,18,11788,13.5029
874,260,311240,16,11804,13.5057
875,500,311740,20,11824,13.5131
876,500,312240,20,11844,13.5205
877,420,312660,20,11864,13.5279
878,430,313090,21,11885,13.5364
879,400,313490,19,11904,13.5427
880,400,313890,19,11923,13.5489
881,360,314250,16,11939,13.5516
882,400,314650,19,11958,13.5578
883,300,314950,18,11976,13.5629
884,400,315350,19,11995,13.569
885,440,315790,22,12017,13.5785
886,500,316290,20,12037,13.5858
887,400,316690,19,12056,13.5919
888,500,317190,20,12076,13.5991
889,400,317590,19,12095,13.6052
890,380,317970,18,12113,13.6101
891,380,318350,18,12131,13.615
892,380,318730,18,12149,13.62
893,430,319160,21,12170,13.6282
894,340,319500,15,12185,13.6298
895,380,319880,18,12203,13.6346
896,380,320260,18,12221,13.6395
897,480,320740,19,12240,13.6455
898,380,321120,18,12258,13.6503
899,380,321500,18,12276,13.6552
900,440,321940,21,12297,13.6633
901,480,322420,19,12316,13.6693
902,480,322900,19,12335,13.6752
903,480,323380,19,12354,13.6811
904,480,323860,19,12373,13.6869
905,440,324300,16,12389,13.6895
906,440,324740,16,12405,13.6921
907,470,325210,18,12423,13.6968
908,510,325720,20,12443,13.7037
909,470,326190,18,12461,13.7085
910,470,326660,18,12479,13.7132
911,450,327110,17,12496,13.7168
912,470,327580,18,12514,13.7215
913,470,328050,18,12532,13.7262
914,480,328530,19,12551,13.7319
915,470,329000,18,12569,13.7366
916,470,329470,18,12587,13.7413
917,470,329940,18,12605,13.7459
918,510,330450,21,12626,13.7538
919,430,330880,16,12642,13.7563
920,370,331250,17,12659,13.7598
921,460,331710,17,12676,13.7633
922,500,332210,19,12695,13.769
923,430,332640,15,12710,13.7703
924,440,333080,16,12726,13.7727
925,460,333540,17,12743,13.7762
926,460,334000,17,12760,13.7797
927,440,334440,16,12776,13.7821
928,460,334900,17,12793,13.7856
929,420,335320,15,12808,13.7869
930,500,335820,19,12827,13.7925
931,460,336280,17,12844,13.7959
932,460,336740,17,12861,13.7994
933,460,337200,17,12878,13.8028
934,460,337660,17,12895,13.8062
935,460,338120,16,12911,13.8086
936,420,338540,15,12926,13.8098
937,460,339000,17,12943,13.8132
938,420,339420,15,12958,13.8145
939,460,339880,17,12975,13.8179
940,440,340320,16,12991,13.8202
941,450,340770,16,13007,13.8225
942,470,341240,17,13024,13.8259
943,450,341690,16,13040,13.8282
944,550,342240,17,13057,13.8316
945,550,342790,17,13074,13.8349
946,450,343240,16,13090,13.8372
947,450,343690,16,13106,13.8395
948,450,344140,16,13122,13.8418
949,500,344640,14,13136,13.8419
950,430,345070,15,13151,13.8432
951,390,345460,13,13164,13.8423
952,450,345910,16,13180,13.8445
953,410,346320,14,13194,13.8447
954,410,346730,14,13208,13.8449
955,450,347180,16,13224,13.8471
956,410,347590,14,13238,13.8473
957,410,348000,14,13252,13.8474
958,510,348510,15,13267,13.8486
959,400,348910,13,13280,13.8478
960,400,349310,13,13293,13.8469
961,360,349670,11,13304,13.8439
962,400,350070,13,13317,13.843
963,400,350470,13,13330,13.8422
964,380,350850,12,13342,13.8402
965,400,351250,13,13355,13.8394
966,330,351580,9,13364,13.8344
967,400,351980,13,13377,13.8335
968,430,352410,15,13392,13.8347
969,390,352800,12,13404,13.8328
970,330,353130,9,13413,13.8278
971,410,353540,13,13426,13.827
972,340,353880,9,13435,13.822
973,370,354250,11,13446,13.8191
974,370,354620,11,13457,13.8162
975,440,355060,10,13467,13.8123
976,350,355410,10,13477,13.8084
977,350,355760,10,13487,13.8045
978,390,356150,12,13499,13.8027
979,350,356500,10,13509,13.7988
980,350,356850,10,13519,13.7949
981,350,357200,10,13529,13.791
982,350,357550,10,13539,13.7872
983,350,357900,10,13549,13.7833
984,330,358230,9,13558,13.7785
985,340,358570,9,13567,13.7736
986,320,358890,8,13575,13.7677
987,320,359210,8,13583,13.7619
988,300,359510,7,13590,13.7551
989,300,359810,7,13597,13.7482
990,300,360110,7,13604,13.7414
991,320,360430,8,13612,13.7356
992,320,360750,8,13620,13.7298
993,300,361050,7,13627,13.7231
994,300,361350,7,13634,13.7163
995,300,361650,7,13641,13.7095
996,340,361990,9,13650,13.7048
997,260,362250,5,13655,13.6961
998,400,362650,8,13663,13.6904
999,300,362950,7,13670,13.6837
1000,260,363210,5,13675,13.675
1001,320,363530,8,13683,13.6693
1002,280,363810,6,13689,13.6617
1003,280,364090,6,13695,13.654
1004,280,364370,6,13701,13.6464
1005,280,364650,6,13707,13.6388
1006,260,364910,5,13712,13.6302
1007,280,365190,6,13718,13.6226
1008,280,365470,6,13724,13.6151
1009,260,365730,5,13729,13.6065
1010,400,366130,8,13737,13.601
1011,280,366410,6,13743,13.5935
1012,380,366790,7,13750,13.587
1013,300,367090,7,13757,13.5805
1014,300,367390,7,13764,13.574
1015,380,367770,7,13771,13.5675
1016,290,368060,7,13778,13.561
1017,260,368320,5,13783,13.5526
1018,270,368590,6,13789,13.5452
1019,330,368920,9,13798,13.5407
1020,290,369210,7,13805,13.5343
1021,290,369500,7,13812,13.5279
1022,390,369890,8,13820,13.5225
1023,260,370150,5,13825,13.5142
1024,250,370400,5,13830,13.5059
1025,310,370710,8,13838,13.5005
1026,290,371000,7,13845,13.4942
1027,370,371370,7,13852,13.4878
1028,270,371640,6,13858,13.4805
1029,270,371910,6,13864,13.4733
1030,290,372200,7,13871,13.467
1031,390,372590,8,13879,13.4617
1032,290,372880,7,13886,13.4554
1033,400,373280,9,13895,13.4511
1034,300,373580,8,13903,13.4458
1035,290,373870,8,13911,13.4406
1036,290,374160,7,13918,13.4344
1037,300,374460,8,13926,13.4291
1038,300,374760,8,13934,13.4239
1039,280,375040,7,13941,13.4177
1040,280,375320,7,13948,13.4115
1041,280,375600,7,13955,13.4054
1042,290,375890,8,13963,13.4002
1043,270,376160,6,13969,13.3931
1044,380,376540,8,13977,13.3879
1045,320,376860,10,13987,13.3847
1046,290,377150,8,13995,13.3795
1047,390,377540,9,14004,13.3754
1048,290,377830,8,14012,13.3702
1049,290,378120,8,14020,13.3651
1050,330,378450,10,14030,13.3619
1051,310,378760,9,14039,13.3578
1052,310,379070,9,14048,13.3536
1053,310,379380,9,14057,13.3495
1054,310,379690,9,14066,13.3454
1055,310,380000,9,14075,13.3412
1056,280,380280,7,14082,13.3352
1057,330,380610,10,14092,13.3321
1058,350,380960,11,14103,13.3299
1059,310,381270,9,14112,13.3258
1060,320,381590,10,14122,13.3226
1061,320,381910,10,14132,13.3195
1062,340,382250,11,14143,13.3173
1063,360,382610,12,14155,13.3161
1064,300,382910,8,14163,13.3111
1065,310,383220,9,14172,13.307
1066,340,383560,11,14183,13.3049
1067,360,383920,12,14195,13.3037
1068,340,384260,11,14206,13.3015
1069,340,384600,11,14217,13.2993
1070,340,384940,11,14228,13.2972
1071,340,385280,11,14239,13.2951
1072,340,385620,11,14250,13.2929
1073,340,385960,11,14261,13.2908
1074,340,386300,11,14272,13.2886
1075,400,386700,14,14286,13.2893
1076,360,387060,12,14298,13.2881
1077,260,387320,11,14309,13.286
1078,360,387680,12,14321,13.2848
1079,360,388040,12,14333,13.2836
1080,360,388400,12,14345,13.2824
1081,390,388790,14,14359,13.2831
1082,370,389160,13,14372,13.2828
1083,390,389550,14,14386,13.2835
1084,370,389920,13,14399,13.2832
1085,390,390310,14,14413,13.2839
1086,360,390670,12,14425,13.2827
1087,390,391060,14,14439,13.2833
1088,290,391350,13,14452,13.2831
1089,390,391740,14,14466,13.2837
1090,390,392130,14,14480,13.2844
1091,290,392420,13,14493,13.2841
1092,400,392820,15,14508,13.2857
1093,390,393210,14,14522,13.2864
1094,390,393600,14,14536,13.287
1095,420,394020,16,14552,13.2895
1096,400,394420,15,14567,13.2911
1097,300,394720,14,14581,13.2917
1098,400,395120,15,14596,13.2933
1099,400,395520,15,14611,13.2948
1100,400,395920,15,14626,13.2964
1101,320,396240,15,14641,13.2979
1102,220,396460,14,14655,13.2985
1103,360,396820,17,14672,13.3019
1104,370,397190,18,14690,13.3062
1105,320,397510,15,14705,13.3077
1106,320,397830,15,14720,13.3092
1107,420,398250,16,14736,13.3117
1108,420,398670,16,14752,13.3141
1109,320,398990,15,14767,13.3156
1110,310,399300,14,14781,13.3162
1111,310,399610,14,14795,13.3168
1112,240,399850,15,14810,13.3183
1113,280,400130,18,14828,13.3226
1114,440,400570,17,14845,13.3259
1115,380,400950,18,14863,13.33
1116,320,401270,15,14878,13.3315
1117,460,401730,18,14896,13.3357
1118,320,402050,15,14911,13.3372
1119,360,402410,17,14928,13.3405
1120,360,402770,17,14945,13.3438
1121,400,403170,20,14965,13.3497
1122,260,403430,16,14981,13.352
1123,380,403810,19,15000,13.3571
1124,360,404170,17,15017,13.3603
1125,360,404530,17,15034,13.3636
1126,210,404740,13,15047,13.3632
1127,230,404970,14,15061,13.3638
1128,260,405230,16,15077,13.3661
1129,260,405490,16,15093,13.3685
1130,260,405750,16,15109,13.3708
1131,260,406010,16,15125,13.3731
1132,300,406310,18,15143,13.3772
1133,280,406590,17,15160,13.3804
1134,280,406870,17,15177,13.3836
1135,280,407150,17,15194,13.3868
1136,280,407430,17,15211,13.39
1137,280,407710,17,15228,13.3931
1138,290,408000,18,15246,13.3972
1139,280,408280,17,15263,13.4004
1140,300,408580,18,15281,13.4044
1141,280,408860,17,15298,13.4075
1142,300,409160,18,15316,13.4116
1143,280,409440,17,15333,13.4147
1144,330,409770,20,15353,13.4205
1145,380,410150,18,15371,13.4245
1146,280,410430,17,15388,13.4276
1147,300,410730,18,15406,13.4316
1148,280,411010,17,15423,13.4347
1149,240,411250,14,15437,13.4352
1150,290,411540,18,15455,13.4391
1151,280,411820,17,15472,13.4422
1152,400,412220,19,15491,13.447
1153,280,412500,17,15508,13.4501
1154,410,412910,20,15528,13.4558
1155,320,413230,19,15547,13.4606
1156,320,413550,19,15566,13.4654
1157,360,413910,16,15582,13.4676
1158,300,414210,18,15600,13.4715
1159,300,414510,18,15618,13.4754
1160,820,415330,18,15636,13.4793
1161,740,416070,18,15654,13.4832
1162,300,416370,18,15672,13.4871
1163,300,416670,18,15690,13.491
1164,400,417070,19,15709,13.4957
1165,310,417380,19,15728,13.5004
1166,300,417680,18,15746,13.5043
1167,300,417980,18,15764,13.5081
1168,720,418700,17,15781,13.5111
1169,300,419000,18,15799,13.515
1170,260,419260,16,15815,13.5171
1171,300,419560,18,15833,13.5209
1172,300,419860,18,15851,13.5247
1173,300,420160,18,15869,13.5286
1174,300,420460,18,15887,13.5324
1175,360,420820,17,15904,13.5353
1176,1000,421820,19,15923,13.54
1177,840,422660,19,15942,13.5446
1178,400,423060,19,15961,13.5492
1179,400,423460,19,15980,13.5539
1180,1020,424480,20,16000,13.5593
1181,430,424910,21,16021,13.5656
1182,300,425210,18,16039,13.5694
1183,400,425610,19,16058,13.574
1184,400,426010,19,16077,13.5785
1185,300,426310,18,16095,13.5823
1186,380,426690,18,16113,13.586
1187,400,427090,19,16132,13.5906
1188,720,427810,17,16149,13.5934
1189,920,428730,19,16168,13.598
1190,820,429550,18,16186,13.6017
1191,1000,430550,19,16205,13.6062
1192,920,431470,19,16224,13.6107
1193,900,432370,18,16242,13.6144
1194,800,433170,17,16259,13.6173
1195,900,434070,18,16277,13.6209
1196,780,434850,15,16292,13.6221
1197,420,435270,20,16312,13.6274
1198,240,435510,14,16326,13.6277
1199,280,435790,17,16343,13.6305
1200,0,435790,0,16343,13.6192
