Index,CurrentCost,TotalCost,CurrentPackets,TotalPackets, TrafficIntensity
1,1680,1680,37,37,37
2,1010,2690,21,58,29
3,510,3200,16,74,24.6667
4,930,4130,18,92,23
5,1010,5140,19,111,22.2
6,560,5700,18,129,21.5
7,860,6560,18,147,21
8,870,7430,18,165,20.625
9,620,8050,17,182,20.2222
10,770,8820,18,200,20
11,690,9510,18,218,19.8182
12,790,10300,18,236,19.6667
13,720,11020,21,257,19.7692
14,930,11950,18,275,19.6429
15,760,12710,18,293,19.5333
16,940,13650,18,311,19.4375
17,590,14240,18,329,19.3529
18,820,15060,21,350,19.4444
19,500,15560,18,368,19.3684
20,960,16520,17,385,19.25
21,670,17190,17,402,19.1429
22,1080,18270,17,419,19.0455
23,740,19010,16,435,18.913
24,1170,20180,17,452,18.8333
25,790,20970,17,469,18.76
26,870,21840,19,488,18.7692
27,810,22650,18,506,18.7407
28,770,23420,18,524,18.7143
29,700,24120,18,542,18.6897
30,550,24670,15,557,18.5667
31,510,25180,18,575,18.5484
32,1090,26270,16,591,18.4688
33,740,27010,17,608,18.4242
34,1030,28040,17,625,18.3824
35,620,28660,17,642,18.3429
36,790,29450,18,660,18.3333
37,780,30230,16,676,18.2703
38,960,31190,17,693,18.2368
39,680,31870,17,710,18.2051
40,750,32620,16,726,18.15
41,740,33360,15,741,18.0732
42,830,34190,18,759,18.0714
43,520,34710,13,772,17.9535
44,470,35180,15,787,17.8864
45,580,35760,16,803,17.8444
46,390,36150,16,819,17.8043
47,490,36640,15,834,17.7447
48,660,37300,16,850,17.7083
49,830,38130,15,865,17.6531
50,630,38760,16,881,17.62
51,740,39500,14,895,17.549
52,830,40330,16,911,17.5192
53,660,40990,14,925,17.4528
54,560,41550,14,939,17.3889
55,370,41920,14,953,17.3273
56,620,42540,13,966,17.25
57,650,43190,14,980,17.193
58,620,43810,13,993,17.1207
59,340,44150,13,1006,17.0508
60,530,44680,13,1019,16.9833
61,520,45200,13,1032,16.918
62,560,45760,14,1046,16.871
63,520,46280,13,1059,16.8095
64,350,46630,13,1072,16.75
65,710,47340,13,1085,16.6923
66,430,47770,12,1097,16.6212
67,360,48130,12,1109,16.5522
68,450,48580,11,1120,16.4706
69,380,48960,8,1128,16.3478
70,610,49570,12,1140,16.2857
71,580,50150,11,1151,16.2113
72,490,50640,10,1161,16.125
73,510,51150,11,1172,16.0548
74,460,51610,12,1184,16
75,670,52280,12,1196,15.9467
76,300,52580,8,1204,15.8421
77,460,53040,12,1216,15.7922
78,340,53380,10,1226,15.7179
79,560,53940,9,1235,15.6329
80,200,54140,9,1244,15.55
81,350,54490,11,1255,15.4938
82,540,55030,13,1268,15.4634
83,500,55530,10,1278,15.3976
84,280,55810,7,1285,15.2976
85,300,56110,9,1294,15.2235
86,200,56310,7,1301,15.1279
87,300,56610,8,1309,15.046
88,580,57190,10,1319,14.9886
89,380,57570,8,1327,14.9101
90,560,58130,8,1335,14.8333
91,360,58490,7,1342,14.7473
92,550,59040,8,1350,14.6739
93,110,59150,7,1357,14.5914
94,480,59630,9,1366,14.5319
95,330,59960,6,1372,14.4421
96,380,60340,8,1380,14.375
97,190,60530,7,1387,14.299
98,460,60990,8,1395,14.2347
99,380,61370,8,1403,14.1717
100,380,61750,8,1411,14.11
101,260,62010,6,1417,14.0297
102,260,62270,6,1423,13.951
103,150,62420,5,1428,13.8641
104,350,62770,6,1434,13.7885
105,70,62840,6,1440,13.7143
106,260,63100,6,1446,13.6415
107,200,63300,6,1452,13.5701
108,160,63460,6,1458,13.5
109,300,63760,9,1467,13.4587
110,360,64120,7,1474,13.4
111,170,64290,5,1479,13.3243
112,280,64570,7,1486,13.2679
113,310,64880,9,1495,13.2301
114,260,65140,6,1501,13.1667
115,360,65500,6,1507,13.1043
116,460,65960,7,1514,13.0517
117,440,66400,7,1521,13
118,200,66600,6,1527,12.9407
119,350,66950,7,1534,12.8908
120,100,67050,7,1541,12.8417
121,100,67150,5,1546,12.7769
122,240,67390,5,1551,12.7131
123,670,68060,10,1561,12.6911
124,260,68320,6,1567,12.6371
125,460,68780,8,1575,12.6
126,470,69250,9,1584,12.5714
127,170,69420,5,1589,12.5118
128,280,69700,7,1596,12.4688
129,460,70160,9,1605,12.4419
130,370,70530,7,1612,12.4
131,110,70640,7,1619,12.3588
132,330,70970,6,1625,12.3106
133,310,71280,9,1634,12.2857
134,300,71580,8,1642,12.2537
135,100,71680,7,1649,12.2148
136,500,72180,10,1659,12.1985
137,570,72750,9,1668,12.1752
138,290,73040,8,1676,12.1449
139,450,73490,8,1684,12.1151
140,470,73960,9,1693,12.0929
141,270,74230,6,1699,12.0496
142,390,74620,8,1707,12.0211
143,340,74960,5,1712,11.972
144,460,75420,8,1720,11.9444
145,290,75710,8,1728,11.9172
146,450,76160,8,1736,11.8904
147,560,76720,9,1745,11.8707
148,380,77100,8,1753,11.8446
149,260,77360,8,1761,11.8188
150,450,77810,8,1769,11.7933
151,500,78310,10,1779,11.7815
152,480,78790,11,1790,11.7763
153,400,79190,9,1799,11.7582
154,280,79470,9,1808,11.7403
155,130,79600,9,1817,11.7226
156,310,79910,9,1826,11.7051
157,570,80480,9,1835,11.6879
158,210,80690,9,1844,11.6709
159,150,80840,9,1853,11.6541
160,390,81230,10,1863,11.6438
161,700,81930,12,1875,11.646
162,340,82270,11,1886,11.642
163,390,82660,10,1896,11.6319
164,450,83110,12,1908,11.6341
165,360,83470,12,1920,11.6364
166,670,84140,11,1931,11.6325
167,500,84640,13,1944,11.6407
168,500,85140,11,1955,11.6369
169,320,85460,11,1966,11.6331
170,440,85900,12,1978,11.6353
171,400,86300,10,1988,11.6257
172,680,86980,11,1999,11.6221
173,670,87650,11,2010,11.6185
174,580,88230,11,2021,11.6149
175,420,88650,12,2033,11.6171
176,530,89180,14,2047,11.6307
177,610,89790,12,2059,11.6328
178,300,90090,12,2071,11.6348
179,640,90730,13,2084,11.6425
180,390,91120,14,2098,11.6556
181,560,91680,15,2113,11.674
182,690,92370,13,2126,11.6813
183,910,93280,15,2141,11.6995
184,780,94060,13,2154,11.7065
185,540,94600,13,2167,11.7135
186,450,95050,13,2180,11.7204
187,530,95580,14,2194,11.7326
188,510,96090,13,2207,11.7394
189,410,96500,13,2220,11.746
190,360,96860,14,2234,11.7579
191,370,97230,15,2249,11.7749
192,460,97690,15,2264,11.7917
193,710,98400,14,2278,11.8031
194,570,98970,11,2289,11.799
195,750,99720,15,2304,11.8154
196,810,100530,15,2319,11.8316
197,650,101180,15,2334,11.8477
198,730,101910,15,2349,11.8636
199,350,102260,12,2361,11.8643
200,550,102810,16,2377,11.885
201,440,103250,12,2389,11.8856
202,590,103840,15,2404,11.901
203,450,104290,14,2418,11.9113
204,620,104910,15,2433,11.9265
205,710,105620,14,2447,11.9366
206,920,106540,17,2464,11.9612
207,490,107030,18,2482,11.9903
208,650,107680,14,2496,12
209,580,108260,15,2511,12.0144
210,490,108750,15,2526,12.0286
211,370,109120,15,2541,12.0427
212,660,109780,16,2557,12.0613
213,680,110460,17,2574,12.0845
214,880,111340,14,2588,12.0935
215,740,112080,15,2603,12.107
216,570,112650,17,2620,12.1296
217,840,113490,16,2636,12.1475
218,780,114270,18,2654,12.1743
219,860,115130,17,2671,12.1963
220,430,115560,17,2688,12.2182
221,510,116070,17,2705,12.2398
222,840,116910,20,2725,12.2748
223,860,117770,17,2742,12.296
224,710,118480,17,2759,12.317
225,780,119260,16,2775,12.3333
226,510,119770,16,2791,12.3496
227,700,120470,17,2808,12.37
228,810,121280,14,2822,12.3772
229,850,122130,16,2838,12.393
230,910,123040,16,2854,12.4087
231,680,123720,17,2871,12.4286
232,790,124510,14,2885,12.4353
233,720,125230,19,2904,12.4635
234,770,126000,17,2921,12.4829
235,590,126590,16,2937,12.4979
236,860,127450,17,2954,12.5169
237,590,128040,17,2971,12.5359
238,790,128830,17,2988,12.5546
239,580,129410,17,3005,12.5732
240,1130,130540,18,3023,12.5958
241,880,131420,19,3042,12.6224
242,930,132350,17,3059,12.6405
243,460,132810,14,3073,12.6461
244,970,133780,17,3090,12.6639
245,700,134480,19,3109,12.6898
246,840,135320,16,3125,12.7033
247,1000,136320,17,3142,12.7206
248,1110,137430,17,3159,12.7379
249,590,138020,17,3176,12.755
250,780,138800,18,3194,12.776
251,500,139300,18,3212,12.7968
252,880,140180,19,3231,12.8214
253,860,141040,18,3249,12.8419
254,660,141700,16,3265,12.8543
255,620,142320,16,3281,12.8667
256,580,142900,18,3299,12.8867
257,620,143520,18,3317,12.9066
258,1070,144590,20,3337,12.9341
259,970,145560,18,3355,12.9537
260,930,146490,22,3377,12.9885
261,780,147270,18,3395,13.0077
262,890,148160,18,3413,13.0267
263,720,148880,18,3431,13.0456
264,880,149760,17,3448,13.0606
265,710,150470,18,3466,13.0792
266,610,151080,18,3484,13.0977
267,680,151760,18,3502,13.1161
268,660,152420,18,3520,13.1343
269,690,153110,18,3538,13.1524
270,740,153850,18,3556,13.1704
271,410,154260,16,3572,13.1808
272,640,154900,18,3590,13.1985
273,810,155710,18,3608,13.2161
274,900,156610,21,3629,13.2445
275,1150,157760,19,3648,13.2655
276,700,158460,19,3667,13.2862
277,840,159300,21,3688,13.3141
278,890,160190,19,3707,13.3345
279,810,161000,20,3727,13.3584
280,630,161630,14,3741,13.3607
281,870,162500,21,3762,13.3879
282,780,163280,17,3779,13.4007
283,1080,164360,16,3795,13.4099
284,860,165220,18,3813,13.4261
285,790,166010,19,3832,13.4456
286,1040,167050,19,3851,13.465
287,550,167600,21,3872,13.4913
288,520,168120,17,3889,13.5035
289,750,168870,20,3909,13.526
290,780,169650,17,3926,13.5379
291,600,170250,18,3944,13.5533
292,800,171050,18,3962,13.5685
293,1020,172070,20,3982,13.5904
294,340,172410,16,3998,13.5986
295,950,173360,18,4016,13.6136
296,690,174050,18,4034,13.6284
297,610,174660,18,4052,13.6431
298,590,175250,19,4071,13.6611
299,1040,176290,18,4089,13.6756
300,1000,177290,16,4105,13.6833
301,600,177890,18,4123,13.6977
302,630,178520,15,4138,13.702
303,900,179420,19,4157,13.7195
304,670,180090,17,4174,13.7303
305,1190,181280,22,4196,13.7574
306,1170,182450,15,4211,13.7614
307,690,183140,18,4229,13.7752
308,670,183810,17,4246,13.7857
309,920,184730,16,4262,13.7929
310,890,185620,18,4280,13.8065
311,790,186410,18,4298,13.8199
312,1200,187610,19,4317,13.8365
313,760,188370,15,4332,13.8403
314,520,188890,18,4350,13.8535
315,700,189590,18,4368,13.8667
316,880,190470,21,4389,13.8892
317,1130,191600,17,4406,13.8991
318,1190,192790,17,4423,13.9088
319,780,193570,18,4441,13.9216
320,460,194030,16,4457,13.9281
321,580,194610,18,4475,13.9408
322,750,195360,17,4492,13.9503
323,640,196000,15,4507,13.9536
324,410,196410,15,4522,13.9568
325,840,197250,17,4539,13.9662
326,570,197820,17,4556,13.9755
327,720,198540,15,4571,13.9786
328,590,199130,17,4588,13.9878
329,850,199980,17,4605,13.997
330,850,200830,17,4622,14.0061
331,1000,201830,17,4639,14.0151
332,610,202440,18,4657,14.0271
333,610,203050,16,4673,14.033
334,870,203920,19,4692,14.0479
335,820,204740,16,4708,14.0537
336,460,205200,19,4727,14.0685
337,520,205720,17,4744,14.0772
338,680,206400,17,4761,14.0858
339,710,207110,17,4778,14.0944
340,760,207870,19,4797,14.1088
341,560,208430,16,4813,14.1144
342,790,209220,13,4826,14.1111
343,650,209870,16,4842,14.1166
344,680,210550,16,4858,14.1221
345,660,211210,16,4874,14.1275
346,790,212000,19,4893,14.1416
347,850,212850,17,4910,14.1499
348,570,213420,16,4926,14.1552
349,490,213910,15,4941,14.1576
350,610,214520,15,4956,14.16
351,470,214990,14,4970,14.1595
352,710,215700,14,4984,14.1591
353,570,216270,14,4998,14.1586
354,450,216720,11,5009,14.1497
355,650,217370,15,5024,14.1521
356,460,217830,15,5039,14.1545
357,400,218230,14,5053,14.1541
358,790,219020,14,5067,14.1536
359,310,219330,13,5080,14.1504
360,280,219610,12,5092,14.1444
361,630,220240,13,5105,14.1413
362,540,220780,14,5119,14.1409
363,720,221500,14,5133,14.1405
364,630,222130,13,5146,14.1374
365,520,222650,13,5159,14.1342
366,260,222910,13,5172,14.1311
367,270,223180,13,5185,14.1281
368,400,223580,10,5195,14.1168
369,500,224080,11,5206,14.1084
370,780,224860,13,5219,14.1054
371,510,225370,10,5229,14.0943
372,590,225960,11,5240,14.086
373,400,226360,12,5252,14.0804
374,500,226860,11,5263,14.0722
375,460,227320,14,5277,14.072
376,300,227620,8,5285,14.0559
377,650,228270,10,5295,14.0451
378,370,228640,13,5308,14.0423
379,490,229130,9,5317,14.029
380,570,229700,10,5327,14.0184
381,310,230010,10,5337,14.0079
382,330,230340,10,5347,13.9974
383,390,230730,10,5357,13.9869
384,440,231170,12,5369,13.9818
385,670,231840,12,5381,13.9766
386,470,232310,8,5389,13.9611
387,460,232770,9,5398,13.9483
388,390,233160,8,5406,13.933
389,270,233430,7,5413,13.9152
390,220,233650,9,5422,13.9026
391,260,233910,8,5430,13.8875
392,270,234180,8,5438,13.8724
393,250,234430,5,5443,13.8499
394,280,234710,7,5450,13.8325
395,200,234910,7,5457,13.8152
396,190,235100,7,5464,13.798
397,300,235400,9,5473,13.7859
398,280,235680,7,5480,13.7688
399,360,236040,7,5487,13.7519
400,280,236320,7,5494,13.735
401,220,236540,8,5502,13.7207
402,160,236700,6,5508,13.7015
403,170,236870,6,5514,13.6824
404,180,237050,7,5521,13.6658
405,80,237130,6,5527,13.6469
406,240,237370,6,5533,13.6281
407,250,237620,6,5539,13.6093
408,180,237800,6,5545,13.5907
409,110,237910,7,5552,13.5746
410,180,238090,7,5559,13.5585
411,280,238370,8,5567,13.545
412,370,238740,7,5574,13.5291
413,450,239190,7,5581,13.5133
414,140,239330,4,5585,13.4903
415,390,239720,8,5593,13.4771
416,280,240000,7,5600,13.4615
417,270,240270,8,5608,13.4484
418,390,240660,8,5616,13.4354
419,620,241280,8,5624,13.4224
420,90,241370,7,5631,13.4071
421,200,241570,6,5637,13.3895
422,180,241750,7,5644,13.3744
423,280,242030,7,5651,13.3593
424,330,242360,5,5656,13.3396
425,230,242590,10,5666,13.3318
426,380,242970,8,5674,13.3192
427,540,243510,8,5682,13.3068
428,280,243790,9,5691,13.2967
429,440,244230,7,5698,13.2821
430,280,244510,7,5705,13.2674
431,140,244650,4,5709,13.2459
432,470,245120,8,5717,13.2338
433,200,245320,8,5725,13.2217
434,550,245870,8,5733,13.2097
435,320,246190,8,5741,13.1977
436,340,246530,9,5750,13.1881
437,290,246820,8,5758,13.1762
438,460,247280,8,5766,13.1644
439,430,247710,7,5773,13.1503
440,380,248090,7,5780,13.1364
441,200,248290,7,5787,13.1224
442,300,248590,8,5795,13.1109
443,320,248910,9,5804,13.1016
444,210,249120,8,5812,13.0901
445,470,249590,9,5821,13.0809
446,450,250040,7,5828,13.0673
447,220,250260,8,5836,13.0559
448,310,250570,8,5844,13.0446
449,210,250780,8,5852,13.0334
450,460,251240,8,5860,13.0222
451,400,251640,9,5869,13.0133
452,360,252000,12,5881,13.0111
453,370,252370,8,5889,13
454,310,252680,9,5898,12.9912
455,550,253230,9,5907,12.9824
456,380,253610,9,5916,12.9737
457,490,254100,9,5925,12.965
458,480,254580,9,5934,12.9563
459,310,254890,9,5943,12.9477
460,460,255350,9,5952,12.9391
461,410,255760,10,5962,12.9328
462,410,256170,11,5973,12.9286
463,400,256570,8,5981,12.9179
464,240,256810,10,5991,12.9116
465,680,257490,11,6002,12.9075
466,350,257840,12,6014,12.9056
467,250,258090,11,6025,12.9015
468,460,258550,8,6033,12.891
469,450,259000,12,6045,12.8891
470,340,259340,11,6056,12.8851
471,600,259940,11,6067,12.8811
472,510,260450,12,6079,12.8792
473,190,260640,8,6087,12.8689
474,250,260890,11,6098,12.865
475,380,261270,9,6107,12.8568
476,630,261900,12,6119,12.855
477,420,262320,11,6130,12.8512
478,520,262840,12,6142,12.8494
479,770,263610,15,6157,12.8539
480,530,264140,14,6171,12.8562
481,440,264580,12,6183,12.8545
482,530,265110,12,6195,12.8527
483,350,265460,13,6208,12.853
484,510,265970,13,6221,12.8533
485,710,266680,14,6235,12.8557
486,900,267580,14,6249,12.858
487,840,268420,16,6265,12.8645
488,790,269210,13,6278,12.8648
489,380,269590,14,6292,12.8671
490,980,270570,14,6306,12.8694
491,670,271240,14,6320,12.8717
492,650,271890,14,6334,12.874
493,610,272500,12,6346,12.8722
494,860,273360,17,6363,12.8806
495,450,273810,13,6376,12.8808
496,840,274650,15,6391,12.8851
497,820,275470,15,6406,12.8893
498,460,275930,18,6424,12.8996
499,770,276700,16,6440,12.9058
500,1080,277780,15,6455,12.91
501,500,278280,15,6470,12.9142
502,380,278660,15,6485,12.9183
503,570,279230,15,6500,12.9225
504,790,280020,13,6513,12.9226
505,990,281010,16,6529,12.9287
506,470,281480,15,6544,12.9328
507,810,282290,19,6563,12.9448
508,720,283010,15,6578,12.9488
509,430,283440,17,6595,12.9568
510,620,284060,14,6609,12.9588
511,660,284720,16,6625,12.9648
512,660,285380,16,6641,12.9707
513,670,286050,17,6658,12.9786
514,790,286840,18,6676,12.9883
515,1030,287870,17,6693,12.9961
516,710,288580,19,6712,13.0078
517,660,289240,17,6729,13.0155
518,560,289800,15,6744,13.0193
519,490,290290,17,6761,13.027
520,750,291040,17,6778,13.0346
521,520,291560,17,6795,13.0422
522,680,292240,16,6811,13.0479
523,520,292760,17,6828,13.0554
524,620,293380,17,6845,13.063
525,1090,294470,17,6862,13.0705
526,1010,295480,16,6878,13.076
527,570,296050,15,6893,13.0797
528,660,296710,16,6909,13.0852
529,730,297440,15,6924,13.0888
530,440,297880,14,6938,13.0906
531,950,298830,19,6957,13.1017
532,840,299670,17,6974,13.109
533,690,300360,17,6991,13.1163
534,480,300840,17,7008,13.1236
535,680,301520,17,7025,13.1308
536,570,302090,16,7041,13.1362
537,860,302950,18,7059,13.1453
538,710,303660,18,7077,13.1543
539,1140,304800,20,7097,13.167
540,1040,305840,18,7115,13.1759
541,800,306640,14,7129,13.1774
542,360,307000,17,7146,13.1845
543,990,307990,19,7165,13.1952
544,900,308890,19,7184,13.2059
545,400,309290,17,7201,13.2128
546,470,309760,14,7215,13.2143
547,440,310200,17,7232,13.2212
548,960,311160,18,7250,13.2299
549,660,311820,16,7266,13.235
550,530,312350,18,7284,13.2436
551,670,313020,17,7301,13.2505
552,520,313540,18,7319,13.2591
553,870,314410,18,7337,13.2676
554,770,315180,18,7355,13.2762
555,1020,316200,18,7373,13.2847
556,620,316820,18,7391,13.2932
557,710,317530,18,7409,13.3016
558,990,318520,20,7429,13.3136
559,670,319190,16,7445,13.3184
560,800,319990,19,7464,13.3286
561,990,320980,21,7485,13.3422
562,890,321870,18,7503,13.3505
563,870,322740,18,7521,13.3588
564,670,323410,18,7539,13.367
565,680,324090,18,7557,13.3752
566,690,324780,18,7575,13.3834
567,520,325300,18,7593,13.3915
568,710,326010,18,7611,13.3996
569,1330,327340,20,7631,13.4112
570,770,328110,18,7649,13.4193
571,430,328540,18,7667,13.4273
572,920,329460,17,7684,13.4336
573,670,330130,18,7702,13.4415
574,700,330830,18,7720,13.4495
575,540,331370,17,7737,13.4557
576,860,332230,19,7756,13.4653
577,620,332850,19,7775,13.4749
578,630,333480,14,7789,13.4758
579,720,334200,19,7808,13.4853
580,890,335090,19,7827,13.4948
581,600,335690,19,7846,13.5043
582,670,336360,19,7865,13.5137
583,540,336900,18,7883,13.5214
584,660,337560,16,7899,13.5257
585,690,338250,19,7918,13.535
586,700,338950,20,7938,13.5461
587,790,339740,19,7957,13.5554
588,920,340660,19,7976,13.5646
589,830,341490,20,7996,13.5756
590,680,342170,18,8014,13.5831
591,600,342770,18,8032,13.5905
592,920,343690,19,8051,13.5997
593,1020,344710,17,8068,13.6054
594,640,345350,18,8086,13.6128
595,1110,346460,18,8104,13.6202
596,870,347330,18,8122,13.6275
597,790,348120,18,8140,13.6348
598,880,349000,18,8158,13.6421
599,540,349540,18,8176,13.6494
600,590,350130,18,8194,13.6567
601,990,351120,20,8214,13.6672
602,1030,352150,19,8233,13.6761
603,940,353090,19,8252,13.6849
604,1210,354300,19,8271,13.6937
605,880,355180,19,8290,13.7025
606,870,356050,18,8308,13.7096
607,950,357000,19,8327,13.7183
608,580,357580,18,8345,13.7253
609,870,358450,17,8362,13.7307
610,980,359430,20,8382,13.741
611,550,359980,15,8397,13.743
612,880,360860,18,8415,13.75
613,600,361460,18,8433,13.7569
614,1060,362520,20,8453,13.7671
615,870,363390,18,8471,13.774
616,710,364100,18,8489,13.7808
617,900,365000,20,8509,13.7909
618,1180,366180,18,8527,13.7977
619,870,367050,18,8545,13.8045
620,1040,368090,19,8564,13.8129
621,580,368670,15,8579,13.8148
622,1040,369710,17,8596,13.8199
623,640,370350,15,8611,13.8218
624,770,371120,17,8628,13.8269
625,760,371880,17,8645,13.832
626,1310,373190,20,8665,13.8419
627,770,373960,17,8682,13.8469
628,660,374620,17,8699,13.8519
629,750,375370,17,8716,13.8569
630,760,376130,16,8732,13.8603
631,840,376970,17,8749,13.8653
632,1020,377990,17,8766,13.8703
633,1030,379020,18,8784,13.8768
634,730,379750,17,8801,13.8817
635,780,380530,17,8818,13.8866
636,750,381280,17,8835,13.8915
637,900,382180,18,8853,13.898
638,790,382970,18,8871,13.9044
639,610,383580,17,8888,13.9092
640,980,384560,15,8903,13.9109
641,730,385290,16,8919,13.9142
642,660,385950,18,8937,13.9206
643,720,386670,15,8952,13.9222
644,1000,387670,17,8969,13.927
645,680,388350,16,8985,13.9302
646,850,389200,16,9001,13.9334
647,770,389970,17,9018,13.9382
648,560,390530,15,9033,13.9398
649,720,391250,15,9048,13.9414
650,860,392110,18,9066,13.9477
651,650,392760,14,9080,13.9478
652,740,393500,14,9094,13.9479
653,500,394000,12,9106,13.9449
654,780,394780,14,9120,13.945
655,480,395260,14,9134,13.945
656,450,395710,13,9147,13.9436
657,350,396060,14,9161,13.9437
658,610,396670,14,9175,13.9438
659,590,397260,13,9188,13.9423
660,490,397750,10,9198,13.9364
661,480,398230,13,9211,13.9349
662,360,398590,11,9222,13.9305
663,790,399380,14,9236,13.9306
664,460,399840,13,9249,13.9292
665,500,400340,11,9260,13.9248
666,540,400880,13,9273,13.9234
667,790,401670,13,9286,13.922
668,620,402290,13,9299,13.9207
669,590,402880,12,9311,13.9178
670,300,403180,8,9319,13.909
671,480,403660,11,9330,13.9046
672,240,403900,11,9341,13.9003
673,580,404480,11,9352,13.896
674,600,405080,11,9363,13.8917
675,520,405600,11,9374,13.8874
676,240,405840,10,9384,13.8817
677,390,406230,10,9394,13.8759
678,470,406700,8,9402,13.8673
679,280,406980,8,9410,13.8586
680,300,407280,10,9420,13.8529
681,180,407460,8,9428,13.8443
682,270,407730,8,9436,13.8358
683,190,407920,8,9444,13.8272
684,330,408250,9,9453,13.8202
685,220,408470,9,9462,13.8131
686,190,408660,8,9470,13.8047
687,270,408930,7,9477,13.7948
688,460,409390,8,9485,13.7863
689,100,409490,6,9491,13.775
690,630,410120,9,9500,13.7681
691,420,410540,10,9510,13.7627
692,260,410800,7,9517,13.7529
693,100,410900,5,9522,13.7403
694,360,411260,6,9528,13.7291
695,190,411450,7,9535,13.7194
696,270,411720,7,9542,13.7098
697,180,411900,7,9549,13.7001
698,450,412350,7,9556,13.6905
699,180,412530,7,9563,13.681
700,390,412920,8,9571,13.6729
701,180,413100,6,9577,13.6619
702,260,413360,6,9583,13.651
703,250,413610,6,9589,13.6401
704,430,414040,6,9595,13.6293
705,160,414200,6,9601,13.6184
706,50,414250,3,9604,13.6034
707,330,414580,6,9610,13.5926
708,550,415130,8,9618,13.5847
709,360,415490,7,9625,13.5755
710,190,415680,7,9632,13.5662
711,300,415980,8,9640,13.5584
712,260,416240,7,9647,13.5492
713,740,416980,10,9657,13.5442
714,250,417230,5,9662,13.5322
715,440,417670,6,9668,13.5217
716,200,417870,7,9675,13.5126
717,250,418120,7,9682,13.5035
718,280,418400,7,9689,13.4944
719,180,418580,7,9696,13.4854
720,500,419080,10,9706,13.4806
721,440,419520,7,9713,13.4716
722,350,419870,7,9720,13.4626
723,160,420030,5,9725,13.4509
724,160,420190,5,9730,13.4392
725,500,420690,10,9740,13.4345
726,280,420970,9,9749,13.4284
727,430,421400,7,9756,13.4195
728,380,421780,9,9765,13.4135
729,270,422050,7,9772,13.4047
730,360,422410,7,9779,13.3959
731,180,422590,6,9785,13.3858
732,240,422830,5,9790,13.3743
733,230,423060,9,9799,13.3683
734,230,423290,8,9807,13.361
735,350,423640,11,9818,13.3578
736,580,424220,10,9828,13.3533
737,280,424500,8,9836,13.346
738,380,424880,8,9844,13.3388
739,180,425060,7,9851,13.3302
740,100,425160,6,9857,13.3203
741,250,425410,5,9862,13.309
742,280,425690,8,9870,13.3019
743,350,426040,7,9877,13.2934
744,290,426330,7,9884,13.2849
745,170,426500,5,9889,13.2738
746,380,426880,8,9897,13.2668
747,300,427180,8,9905,13.2597
748,500,427680,10,9915,13.2553
749,290,427970,8,9923,13.2483
750,380,428350,8,9931,13.2413
751,480,428830,9,9940,13.2357
752,470,429300,9,9949,13.2301
753,410,429710,10,9959,13.2258
754,670,430380,10,9969,13.2215
755,730,431110,9,9978,13.2159
756,500,431610,10,9988,13.2116
757,420,432030,10,9998,13.2074
758,230,432260,9,10007,13.2018
759,400,432660,9,10016,13.1963
760,290,432950,8,10024,13.1895
761,500,433450,10,10034,13.1853
762,280,433730,8,10042,13.1785
763,600,434330,12,10054,13.1769
764,410,434740,11,10065,13.1741
765,380,435120,12,10077,13.1725
766,600,435720,11,10088,13.1697
767,330,436050,10,10098,13.1656
768,580,436630,11,10109,13.1628
769,260,436890,11,10120,13.1599
770,500,437390,11,10131,13.1571
771,190,437580,11,10142,13.1543
772,220,437800,13,10155,13.1541
773,420,438220,10,10165,13.1501
774,350,438570,12,10177,13.1486
775,440,439010,12,10189,13.1471
776,990,440000,15,10204,13.1495
777,520,440520,12,10216,13.148
778,430,440950,12,10228,13.1465
779,510,441460,10,10238,13.1425
780,330,441790,10,10248,13.1385
781,550,442340,14,10262,13.1396
782,800,443140,13,10275,13.1394
783,970,444110,13,10288,13.1392
784,550,444660,13,10301,13.139
785,290,444950,9,10310,13.1338
786,550,445500,13,10323,13.1336
787,720,446220,15,10338,13.136
788,480,446700,14,10352,13.1371
789,740,447440,16,10368,13.1407
790,430,447870,16,10384,13.1443
791,750,448620,15,10399,13.1466
792,730,449350,14,10413,13.1477
793,460,449810,14,10427,13.1488
794,650,450460,14,10441,13.1499
795,630,451090,13,10454,13.1497
796,480,451570,15,10469,13.152
797,380,451950,15,10484,13.1543
798,580,452530,14,10498,13.1554
799,590,453120,17,10515,13.1602
800,550,453670,15,10530,13.1625
801,720,454390,14,10544,13.1635
802,510,454900,14,10558,13.1646
803,830,455730,15,10573,13.1669
804,500,456230,12,10585,13.1654
805,730,456960,14,10599,13.1665
806,410,457370,15,10614,13.1687
807,720,458090,15,10629,13.171
808,340,458430,16,10645,13.1745
809,400,458830,15,10660,13.1768
810,570,459400,15,10675,13.179
811,830,460230,17,10692,13.1837
812,800,461030,19,10711,13.1909
813,500,461530,16,10727,13.1943
814,820,462350,15,10742,13.1966
815,850,463200,16,10758,13.2
816,1020,464220,17,10775,13.2047
817,870,465090,18,10793,13.2105
818,770,465860,17,10810,13.2152
819,850,466710,16,10826,13.2186
820,980,467690,16,10842,13.222
821,480,468170,17,10859,13.2266
822,740,468910,16,10875,13.2299
823,920,469830,17,10892,13.2345
824,650,470480,16,10908,13.2379
825,770,471250,18,10926,13.2436
826,560,471810,13,10939,13.2433
827,430,472240,14,10953,13.2443
828,400,472640,15,10968,13.2464
829,750,473390,16,10984,13.2497
830,750,474140,17,11001,13.2542
831,770,474910,17,11018,13.2587
832,960,475870,17,11035,13.2632
833,880,476750,19,11054,13.2701
834,880,477630,18,11072,13.2758
835,930,478560,17,11089,13.2802
836,760,479320,17,11106,13.2847
837,700,480020,17,11123,13.2891
838,780,480800,17,11140,13.2936
839,1200,482000,18,11158,13.2992
840,740,482740,15,11173,13.3012
841,780,483520,17,11190,13.3056
842,620,484140,17,11207,13.31
843,1010,485150,17,11224,13.3144
844,620,485770,17,11241,13.3187
845,590,486360,17,11258,13.3231
846,970,487330,20,11278,13.331
847,1050,488380,18,11296,13.3365
848,490,488870,15,11311,13.3384
849,740,489610,16,11327,13.3416
850,940,490550,18,11345,13.3471
851,700,491250,17,11362,13.3514
852,610,491860,18,11380,13.3568
853,540,492400,15,11395,13.3587
854,910,493310,19,11414,13.3653
855,850,494160,17,11431,13.3696
856,1070,495230,18,11449,13.375
857,580,495810,19,11468,13.3816
858,660,496470,17,11485,13.3858
859,600,497070,17,11502,13.39
860,820,497890,18,11520,13.3953
861,860,498750,18,11538,13.4007
862,760,499510,16,11554,13.4037
863,600,500110,18,11572,13.409
864,1170,501280,20,11592,13.4167
865,950,502230,18,11610,13.422
866,780,503010,20,11630,13.4296
867,1310,504320,18,11648,13.4348
868,540,504860,18,11666,13.4401
869,970,505830,18,11684,13.4453
870,960,506790,18,11702,13.4506
871,760,507550,18,11720,13.4558
872,490,508040,17,11737,13.4599
873,1030,509070,18,11755,13.4651
874,350,509420,18,11773,13.4703
875,980,510400,19,11792,13.4766
876,780,511180,18,11810,13.4817
877,680,511860,19,11829,13.488
878,800,512660,19,11848,13.4943
879,840,513500,15,11863,13.496
880,950,514450,18,11881,13.5011
881,1030,515480,19,11900,13.5074
882,1040,516520,19,11919,13.5136
883,700,517220,17,11936,13.5176
884,520,517740,18,11954,13.5226
885,690,518430,18,11972,13.5277
886,840,519270,19,11991,13.5339
887,870,520140,18,12009,13.5389
888,900,521040,19,12028,13.545
889,710,521750,19,12047,13.5512
890,960,522710,18,12065,13.5562
891,750,523460,17,12082,13.56
892,880,524340,19,12101,13.5661
893,820,525160,16,12117,13.5689
894,670,525830,18,12135,13.5738
895,1130,526960,18,12153,13.5788
896,780,527740,18,12171,13.5837
897,720,528460,18,12189,13.5886
898,880,529340,13,12202,13.588
899,970,530310,20,12222,13.5951
900,710,531020,18,12240,13.6
901,720,531740,19,12259,13.606
902,980,532720,19,12278,13.612
903,750,533470,19,12297,13.6179
904,640,534110,19,12316,13.6239
905,1090,535200,22,12338,13.6331
906,770,535970,17,12355,13.6369
907,960,536930,17,12372,13.6406
908,680,537610,16,12388,13.6432
909,690,538300,18,12406,13.648
910,700,539000,18,12424,13.6527
911,620,539620,18,12442,13.6575
912,490,540110,16,12458,13.6601
913,690,540800,18,12476,13.6648
914,860,541660,18,12494,13.6696
915,890,542550,18,12512,13.6743
916,860,543410,17,12529,13.6779
917,750,544160,17,12546,13.6816
918,690,544850,13,12559,13.6808
919,510,545360,16,12575,13.6834
920,590,545950,17,12592,13.687
921,820,546770,15,12607,13.6884
922,820,547590,17,12624,13.692
923,760,548350,16,12640,13.6945
924,680,549030,17,12657,13.6981
925,950,549980,17,12674,13.7016
926,430,550410,17,12691,13.7052
927,690,551100,18,12709,13.7098
928,570,551670,17,12726,13.7134
929,1150,552820,20,12746,13.7201
930,990,553810,15,12761,13.7215
931,950,554760,17,12778,13.725
932,800,555560,19,12797,13.7307
933,780,556340,17,12814,13.7342
934,750,557090,17,12831,13.7377
935,700,557790,17,12848,13.7412
936,610,558400,18,12866,13.7457
937,700,559100,18,12884,13.7503
938,840,559940,17,12901,13.7537
939,760,560700,17,12918,13.7572
940,650,561350,15,12933,13.7585
941,540,561890,14,12947,13.7588
942,760,562650,17,12964,13.7622
943,640,563290,14,12978,13.7625
944,300,563590,14,12992,13.7627
945,1010,564600,16,13008,13.7651
946,550,565150,16,13024,13.7674
947,850,566000,18,13042,13.7719
948,980,566980,19,13061,13.7774
949,700,567680,17,13078,13.7808
950,770,568450,15,13093,13.7821
951,620,569070,14,13107,13.7823
952,260,569330,11,13118,13.7794
953,530,569860,12,13130,13.7775
954,710,570570,14,13144,13.7778
955,440,571010,14,13158,13.778
956,640,571650,13,13171,13.7772
957,450,572100,14,13185,13.7774
958,800,572900,14,13199,13.7777
959,250,573150,12,13211,13.7758
960,530,573680,13,13224,13.775
961,550,574230,13,13237,13.7742
962,470,574700,13,13250,13.7734
963,640,575340,13,13263,13.7726
964,410,575750,10,13273,13.7687
965,640,576390,14,13287,13.7689
966,530,576920,12,13299,13.7671
967,640,577560,15,13314,13.7684
968,470,578030,9,13323,13.7634
969,780,578810,12,13335,13.7616
970,520,579330,11,13346,13.7588
971,430,579760,11,13357,13.7559
972,680,580440,11,13368,13.7531
973,420,580860,10,13378,13.7492
974,440,581300,13,13391,13.7485
975,720,582020,13,13404,13.7477
976,470,582490,10,13414,13.7439
977,500,582990,10,13424,13.74
978,230,583220,9,13433,13.7352
979,440,583660,10,13443,13.7314
980,230,583890,9,13452,13.7265
981,540,584430,8,13460,13.7207
982,360,584790,9,13469,13.7159
983,510,585300,12,13481,13.7141
984,500,585800,10,13491,13.7104
985,310,586110,9,13500,13.7056
986,350,586460,10,13510,13.7018
987,220,586680,8,13518,13.696
988,110,586790,8,13526,13.6903
989,450,587240,8,13534,13.6845
990,470,587710,9,13543,13.6798
991,300,588010,8,13551,13.6741
992,280,588290,8,13559,13.6683
993,210,588500,8,13567,13.6626
994,530,589030,7,13574,13.6559
995,460,589490,7,13581,13.6492
996,180,589670,7,13588,13.6426
997,280,589950,7,13595,13.6359
998,340,590290,7,13602,13.6293
999,350,590640,7,13609,13.6226
1000,390,591030,8,13617,13.617
1001,160,591190,6,13623,13.6094
1002,340,591530,6,13629,13.6018
1003,180,591710,6,13635,13.5942
1004,80,591790,6,13641,13.5867
1005,190,591980,6,13647,13.5791
1006,300,592280,9,13656,13.5746
1007,170,592450,6,13662,13.567
1008,400,592850,9,13671,13.5625
1009,450,593300,8,13679,13.557
1010,370,593670,8,13687,13.5515
1011,350,594020,7,13694,13.545
1012,200,594220,8,13702,13.5395
1013,340,594560,7,13709,13.5331
1014,260,594820,6,13715,13.5256
1015,300,595120,9,13724,13.5212
1016,170,595290,7,13731,13.5148
1017,310,595600,10,13741,13.5113
1018,150,595750,5,13746,13.5029
1019,270,596020,7,13753,13.4966
1020,180,596200,6,13759,13.4892
1021,270,596470,8,13767,13.4838
1022,150,596620,5,13772,13.4755
1023,470,597090,8,13780,13.4702
1024,80,597170,6,13786,13.4629
1025,300,597470,8,13794,13.4576
1026,180,597650,7,13801,13.4513
1027,310,597960,8,13809,13.446
1028,390,598350,8,13817,13.4407
1029,350,598700,6,13823,13.4334
1030,660,599360,10,13833,13.4301
1031,200,599560,9,13842,13.4258
1032,220,599780,4,13846,13.4167
1033,460,600240,8,13854,13.4114
1034,270,600510,8,13862,13.4062
1035,370,600880,8,13870,13.401
1036,150,601030,6,13876,13.3938
1037,260,601290,7,13883,13.3877
1038,310,601600,8,13891,13.3825
1039,270,601870,7,13898,13.3763
1040,350,602220,6,13904,13.3692
1041,450,602670,8,13912,13.3641
1042,470,603140,8,13920,13.3589
1043,490,603630,9,13929,13.3547
1044,190,603820,8,13937,13.3496
1045,290,604110,8,13945,13.3445
1046,470,604580,8,13953,13.3394
1047,400,604980,9,13962,13.3352
1048,370,605350,8,13970,13.3302
1049,290,605640,8,13978,13.3251
1050,370,606010,8,13986,13.32
1051,650,606660,10,13996,13.3168
1052,330,606990,9,14005,13.3127
1053,390,607380,9,14014,13.3086
1054,490,607870,10,14024,13.3055
1055,470,608340,9,14033,13.3014
1056,410,608750,10,14043,13.2983
1057,330,609080,10,14053,13.2952
1058,320,609400,9,14062,13.2911
1059,320,609720,10,14072,13.288
1060,490,610210,10,14082,13.2849
1061,390,610600,10,14092,13.2818
1062,300,610900,10,14102,13.2787
1063,490,611390,11,14113,13.2766
1064,520,611910,13,14126,13.2763
1065,370,612280,8,14134,13.2714
1066,370,612650,10,14144,13.2683
1067,400,613050,10,14154,13.2652
1068,350,613400,8,14162,13.2603
1069,570,613970,11,14173,13.2582
1070,480,614450,10,14183,13.2551
1071,440,614890,13,14196,13.2549
1072,410,615300,9,14205,13.2509
1073,490,615790,11,14216,13.2488
1074,680,616470,11,14227,13.2467
1075,360,616830,12,14239,13.2456
1076,520,617350,14,14253,13.2463
1077,610,617960,13,14266,13.2461
1078,290,618250,12,14278,13.2449
1079,450,618700,13,14291,13.2447
1080,690,619390,12,14303,13.2435
1081,540,619930,12,14315,13.2424
1082,500,620430,12,14327,13.2412
1083,470,620900,13,14340,13.241
1084,720,621620,14,14354,13.2417
1085,600,622220,13,14367,13.2415
1086,530,622750,13,14380,13.2413
1087,350,623100,15,14395,13.2429
1088,560,623660,14,14409,13.2436
1089,710,624370,13,14422,13.2433
1090,540,624910,14,14436,13.244
1091,820,625730,16,14452,13.2466
1092,540,626270,14,14466,13.2473
1093,840,627110,17,14483,13.2507
1094,570,627680,14,14497,13.2514
1095,730,628410,13,14510,13.2511
1096,550,628960,13,14523,13.2509
1097,600,629560,17,14540,13.2543
1098,1010,630570,15,14555,13.2559
1099,430,631000,15,14570,13.2575
1100,740,631740,15,14585,13.2591
1101,770,632510,15,14600,13.2607
1102,800,633310,14,14614,13.2613
1103,540,633850,14,14628,13.262
1104,550,634400,14,14642,13.2627
1105,670,635070,16,14658,13.2652
1106,410,635480,15,14673,13.2667
1107,470,635950,15,14688,13.2683
1108,610,636560,15,14703,13.2699
1109,640,637200,15,14718,13.2714
1110,570,637770,15,14733,13.273
1111,660,638430,16,14749,13.2754
1112,630,639060,17,14766,13.2788
1113,450,639510,15,14781,13.2803
1114,670,640180,16,14797,13.2828
1115,540,640720,19,14816,13.2879
1116,860,641580,17,14833,13.2912
1117,580,642160,17,14850,13.2945
1118,640,642800,16,14866,13.297
1119,580,643380,16,14882,13.2994
1120,590,643970,17,14899,13.3027
1121,870,644840,17,14916,13.306
1122,450,645290,17,14933,13.3093
1123,580,645870,15,14948,13.3108
1124,580,646450,17,14965,13.3141
1125,980,647430,16,14981,13.3164
1126,760,648190,16,14997,13.3188
1127,710,648900,14,15011,13.3194
1128,560,649460,13,15024,13.3191
1129,510,649970,13,15037,13.3189
1130,570,650540,14,15051,13.3195
1131,730,651270,15,15066,13.321
1132,730,652000,20,15086,13.3269
1133,860,652860,17,15103,13.3301
1134,780,653640,17,15120,13.3333
1135,770,654410,17,15137,13.3366
1136,1100,655510,17,15154,13.3398
1137,690,656200,18,15172,13.3439
1138,670,656870,17,15189,13.3471
1139,990,657860,21,15210,13.3538
1140,680,658540,17,15227,13.357
1141,1010,659550,17,15244,13.3602
1142,770,660320,18,15262,13.3643
1143,730,661050,15,15277,13.3657
1144,800,661850,17,15294,13.3689
1145,950,662800,17,15311,13.3721
1146,690,663490,17,15328,13.3752
1147,570,664060,16,15344,13.3775
1148,840,664900,17,15361,13.3807
1149,810,665710,17,15378,13.3838
1150,950,666660,18,15396,13.3878
1151,560,667220,17,15413,13.391
1152,600,667820,18,15431,13.395
1153,610,668430,18,15449,13.399
1154,1310,669740,20,15469,13.4047
1155,970,670710,18,15487,13.4087
1156,850,671560,18,15505,13.4126
1157,790,672350,20,15525,13.4183
1158,760,673110,18,15543,13.4223
1159,670,673780,16,15559,13.4245
1160,410,674190,20,15579,13.4302
1161,670,674860,18,15597,13.4341
1162,760,675620,18,15615,13.438
1163,860,676480,18,15633,13.442
1164,890,677370,20,15653,13.4476
1165,1070,678440,20,15673,13.4532
1166,700,679140,19,15692,13.458
1167,780,679920,18,15710,13.4619
1168,810,680730,18,15728,13.4658
1169,930,681660,16,15744,13.4679
1170,400,682060,16,15760,13.4701
1171,960,683020,19,15779,13.4748
1172,1120,684140,18,15797,13.4787
1173,620,684760,20,15817,13.4842
1174,660,685420,20,15837,13.4898
1175,870,686290,17,15854,13.4928
1176,510,686800,18,15872,13.4966
1177,670,687470,17,15889,13.4996
1178,870,688340,18,15907,13.5034
1179,880,689220,21,15928,13.5098
1180,750,689970,17,15945,13.5127
1181,470,690440,19,15964,13.5174
1182,1140,691580,19,15983,13.522
1183,700,692280,19,16002,13.5266
1184,840,693120,21,16023,13.5329
1185,600,693720,19,16042,13.5376
1186,1000,694720,22,16064,13.5447
1187,860,695580,17,16081,13.5476
1188,590,696170,17,16098,13.5505
1189,1290,697460,19,16117,13.5551
1190,400,697860,15,16132,13.5563
1191,810,698670,20,16152,13.5617
1192,930,699600,18,16170,13.5654
1193,630,700230,18,16188,13.5692
1194,940,701170,17,16205,13.572
1195,540,701710,20,16225,13.5774
1196,800,702510,18,16243,13.5811
1197,860,703370,18,16261,13.5848
1198,770,704140,17,16278,13.5876
1199,760,704900,18,16296,13.5913
1200,0,704900,0,16296,13.58
