Index,CurrentCost,TotalCost,CurrentPackets,TotalPackets, TrafficIntensity
1,0,0,0,0,0
2,0,0,0,0,0
3,0,0,0,0,0
4,0,0,0,0,0
5,0,0,0,0,0
6,0,0,0,0,0
7,0,0,0,0,0
8,10,10,1,1,0.125
9,10,20,1,2,0.222222
10,10,30,1,3,0.3
11,10,40,1,4,0.363636
12,30,70,2,6,0.5
13,30,100,2,8,0.615385
14,30,130,2,10,0.714286
15,30,160,2,12,0.8
16,130,290,3,15,0.9375
17,130,420,3,18,1.05882
18,130,550,3,21,1.16667
19,130,680,3,24,1.26316
20,130,810,3,27,1.35
21,130,940,3,30,1.42857
22,130,1070,3,33,1.5
23,130,1200,3,36,1.56522
24,130,1330,3,39,1.625
25,260,1590,6,45,1.8
26,260,1850,6,51,1.96154
27,260,2110,6,57,2.11111
28,260,2370,6,63,2.25
29,260,2630,6,69,2.37931
30,260,2890,6,75,2.5
31,260,3150,6,81,2.6129
32,260,3410,6,87,2.71875
33,270,3680,7,94,2.84848
34,270,3950,7,101,2.97059
35,270,4220,7,108,3.08571
36,270,4490,7,115,3.19444
37,290,4780,8,123,3.32432
38,290,5070,8,131,3.44737
39,290,5360,8,139,3.5641
40,290,5650,8,147,3.675
41,290,5940,8,155,3.78049
42,390,6330,9,164,3.90476
43,390,6720,9,173,4.02326
44,390,7110,9,182,4.13636
45,390,7500,9,191,4.24444
46,390,7890,9,200,4.34783
47,390,8280,9,209,4.44681
48,390,8670,9,218,4.54167
49,390,9060,9,227,4.63265
50,390,9450,9,236,4.72
51,520,9970,12,248,4.86275
52,520,10490,12,260,5
53,520,11010,12,272,5.13208
54,520,11530,12,284,5.25926
55,520,12050,12,296,5.38182
56,520,12570,12,308,5.5
57,520,13090,12,320,5.61404
58,520,13610,12,332,5.72414
59,520,14130,12,344,5.83051
60,530,14660,13,357,5.95
61,530,15190,13,370,6.06557
62,530,15720,13,383,6.17742
63,530,16250,13,396,6.28571
64,530,16780,13,409,6.39062
65,550,17330,14,423,6.50769
66,550,17880,14,437,6.62121
67,550,18430,14,451,6.73134
68,550,18980,14,465,6.83824
69,550,19530,14,479,6.94203
70,650,20180,15,494,7.05714
71,650,20830,15,509,7.16901
72,650,21480,15,524,7.27778
73,650,22130,15,539,7.38356
74,650,22780,15,554,7.48649
75,650,23430,15,569,7.58667
76,650,24080,15,584,7.68421
77,650,24730,15,599,7.77922
78,650,25380,15,614,7.87179
79,650,26030,15,629,7.96203
80,650,26680,15,644,8.05
81,780,27460,18,662,8.17284
82,780,28240,18,680,8.29268
83,780,29020,18,698,8.40964
84,780,29800,18,716,8.52381
85,780,30580,18,734,8.63529
86,780,31360,18,752,8.74419
87,780,32140,18,770,8.85057
88,780,32920,18,788,8.95455
89,780,33700,18,806,9.05618
90,780,34480,18,824,9.15556
91,780,35260,18,842,9.25275
92,780,36040,18,860,9.34783
93,780,36820,18,878,9.44086
94,780,37600,18,896,9.53191
95,790,38390,19,915,9.63158
96,790,39180,19,934,9.72917
97,790,39970,19,953,9.82474
98,790,40760,19,972,9.91837
99,790,41550,19,991,10.0101
100,790,42340,19,1010,10.1
101,790,43130,19,1029,10.1881
102,810,43940,20,1049,10.2843
103,810,44750,20,1069,10.3786
104,810,45560,20,1089,10.4712
105,810,46370,20,1109,10.5619
106,810,47180,20,1129,10.6509
107,810,47990,20,1149,10.7383
108,810,48800,20,1169,10.8241
109,810,49610,20,1189,10.9083
110,810,50420,20,1209,10.9909
111,910,51330,21,1230,11.0811
112,910,52240,21,1251,11.1696
113,910,53150,21,1272,11.2566
114,910,54060,21,1293,11.3421
115,910,54970,21,1314,11.4261
116,910,55880,21,1335,11.5086
117,910,56790,21,1356,11.5897
118,910,57700,21,1377,11.6695
119,910,58610,21,1398,11.7479
120,910,59520,21,1419,11.825
121,910,60430,21,1440,11.9008
122,910,61340,21,1461,11.9754
123,910,62250,21,1482,12.0488
124,910,63160,21,1503,12.121
125,910,64070,21,1524,12.192
126,910,64980,21,1545,12.2619
127,910,65890,21,1566,12.3307
128,910,66800,21,1587,12.3984
129,910,67710,21,1608,12.4651
130,910,68620,21,1629,12.5308
131,910,69530,21,1650,12.5954
132,910,70440,21,1671,12.6591
133,910,71350,21,1692,12.7218
134,910,72260,21,1713,12.7836
135,910,73170,21,1734,12.8444
136,910,74080,21,1755,12.9044
137,910,74990,21,1776,12.9635
138,910,75900,21,1797,13.0217
139,910,76810,21,1818,13.0791
140,910,77720,21,1839,13.1357
141,910,78630,21,1860,13.1915
142,910,79540,21,1881,13.2465
143,910,80450,21,1902,13.3007
144,910,81360,21,1923,13.3542
145,910,82270,21,1944,13.4069
146,910,83180,21,1965,13.4589
147,910,84090,21,1986,13.5102
148,910,85000,21,2007,13.5608
149,910,85910,21,2028,13.6107
150,1040,86950,24,2052,13.68
151,910,87860,21,2073,13.7285
152,910,88770,21,2094,13.7763
153,910,89680,21,2115,13.8235
154,910,90590,21,2136,13.8701
155,910,91500,21,2157,13.9161
156,910,92410,21,2178,13.9615
157,910,93320,21,2199,14.0064
158,910,94230,21,2220,14.0506
159,910,95140,21,2241,14.0943
160,910,96050,21,2262,14.1375
161,910,96960,21,2283,14.1801
162,910,97870,21,2304,14.2222
163,910,98780,21,2325,14.2638
164,910,99690,21,2346,14.3049
165,910,100600,21,2367,14.3455
166,910,101510,21,2388,14.3855
167,910,102420,21,2409,14.4251
168,910,103330,21,2430,14.4643
169,910,104240,21,2451,14.503
170,910,105150,21,2472,14.5412
171,910,106060,21,2493,14.5789
172,910,106970,21,2514,14.6163
173,910,107880,21,2535,14.6532
174,910,108790,21,2556,14.6897
175,910,109700,21,2577,14.7257
176,910,110610,21,2598,14.7614
177,910,111520,21,2619,14.7966
178,910,112430,21,2640,14.8315
179,910,113340,21,2661,14.8659
180,910,114250,21,2682,14.9
181,910,115160,21,2703,14.9337
182,910,116070,21,2724,14.967
183,910,116980,21,2745,15
184,910,117890,21,2766,15.0326
185,910,118800,21,2787,15.0649
186,910,119710,21,2808,15.0968
187,910,120620,21,2829,15.1283
188,910,121530,21,2850,15.1596
189,910,122440,21,2871,15.1905
190,810,123250,20,2891,15.2158
191,810,124060,20,2911,15.2408
192,810,124870,20,2931,15.2656
193,810,125680,20,2951,15.2902
194,810,126490,20,2971,15.3144
195,810,127300,20,2991,15.3385
196,810,128110,20,3011,15.3622
197,810,128920,20,3031,15.3858
198,810,129730,20,3051,15.4091
199,790,130520,19,3070,15.4271
200,790,131310,19,3089,15.445
201,790,132100,19,3108,15.4627
202,790,132890,19,3127,15.4802
203,790,133680,19,3146,15.4975
204,790,134470,19,3165,15.5147
205,790,135260,19,3184,15.5317
206,780,136040,18,3202,15.5437
207,780,136820,18,3220,15.5556
208,780,137600,18,3238,15.5673
209,780,138380,18,3256,15.5789
210,780,139160,18,3274,15.5905
211,780,139940,18,3292,15.6019
212,780,140720,18,3310,15.6132
213,780,141500,18,3328,15.6244
214,780,142280,18,3346,15.6355
215,780,143060,18,3364,15.6465
216,780,143840,18,3382,15.6574
217,780,144620,18,3400,15.6682
218,780,145400,18,3418,15.6789
219,780,146180,18,3436,15.6895
220,650,146830,15,3451,15.6864
221,650,147480,15,3466,15.6833
222,650,148130,15,3481,15.6802
223,650,148780,15,3496,15.6771
224,650,149430,15,3511,15.6741
225,650,150080,15,3526,15.6711
226,650,150730,15,3541,15.6681
227,650,151380,15,3556,15.6652
228,650,152030,15,3571,15.6623
229,650,152680,15,3586,15.6594
230,650,153330,15,3601,15.6565
231,550,153880,14,3615,15.6494
232,550,154430,14,3629,15.6422
233,550,154980,14,3643,15.6352
234,550,155530,14,3657,15.6282
235,550,156080,14,3671,15.6213
236,530,156610,13,3684,15.6102
237,530,157140,13,3697,15.5992
238,530,157670,13,3710,15.5882
239,530,158200,13,3723,15.5774
240,530,158730,13,3736,15.5667
241,520,159250,12,3748,15.5519
242,520,159770,12,3760,15.5372
243,520,160290,12,3772,15.5226
244,520,160810,12,3784,15.5082
245,520,161330,12,3796,15.4939
246,520,161850,12,3808,15.4797
247,520,162370,12,3820,15.4656
248,520,162890,12,3832,15.4516
249,520,163410,12,3844,15.4378
250,520,163930,12,3856,15.424
251,390,164320,9,3865,15.3984
252,390,164710,9,3874,15.373
253,390,165100,9,3883,15.3478
254,390,165490,9,3892,15.3228
255,390,165880,9,3901,15.298
256,390,166270,9,3910,15.2734
257,390,166660,9,3919,15.249
258,390,167050,9,3928,15.2248
259,290,167340,8,3936,15.1969
260,290,167630,8,3944,15.1692
261,290,167920,8,3952,15.1418
262,290,168210,8,3960,15.1145
263,290,168500,8,3968,15.0875
264,270,168770,7,3975,15.0568
265,270,169040,7,3982,15.0264
266,270,169310,7,3989,14.9962
267,270,169580,7,3996,14.9663
268,260,169840,6,4002,14.9328
269,260,170100,6,4008,14.8996
270,260,170360,6,4014,14.8667
271,260,170620,6,4020,14.8339
272,260,170880,6,4026,14.8015
273,260,171140,6,4032,14.7692
274,260,171400,6,4038,14.7372
275,260,171660,6,4044,14.7055
276,130,171790,3,4047,14.663
277,130,171920,3,4050,14.6209
278,130,172050,3,4053,14.5791
279,130,172180,3,4056,14.5376
280,130,172310,3,4059,14.4964
281,130,172440,3,4062,14.4555
282,130,172570,3,4065,14.4149
283,130,172700,3,4068,14.3746
284,130,172830,3,4071,14.3345
285,30,172860,2,4073,14.2912
286,30,172890,2,4075,14.2483
287,30,172920,2,4077,14.2056
288,30,172950,2,4079,14.1632
289,10,172960,1,4080,14.1176
290,10,172970,1,4081,14.0724
291,10,172980,1,4082,14.0275
292,10,172990,1,4083,13.9829
293,0,172990,0,4083,13.9352
294,0,172990,0,4083,13.8878
295,0,172990,0,4083,13.8407
296,0,172990,0,4083,13.7939
297,0,172990,0,4083,13.7475
298,0,172990,0,4083,13.7013
299,0,172990,0,4083,13.6555
300,0,172990,0,4083,13.61
301,0,172990,0,4083,13.5648
302,0,172990,0,4083,13.5199
303,0,172990,0,4083,13.4752
304,0,172990,0,4083,13.4309
305,0,172990,0,4083,13.3869
306,0,172990,0,4083,13.3431
307,0,172990,0,4083,13.2997
308,10,173000,1,4084,13.2597
309,10,173010,1,4085,13.2201
310,10,173020,1,4086,13.1806
311,10,173030,1,4087,13.1415
312,30,173060,2,4089,13.1058
313,30,173090,2,4091,13.0703
314,30,173120,2,4093,13.035
315,30,173150,2,4095,13
316,130,173280,3,4098,12.9684
317,130,173410,3,4101,12.9369
318,130,173540,3,4104,12.9057
319,130,173670,3,4107,12.8746
320,130,173800,3,4110,12.8438
321,130,173930,3,4113,12.8131
322,130,174060,3,4116,12.7826
323,130,174190,3,4119,12.7523
324,130,174320,3,4122,12.7222
325,260,174580,6,4128,12.7015
326,260,174840,6,4134,12.681
327,260,175100,6,4140,12.6606
328,260,175360,6,4146,12.6402
329,260,175620,6,4152,12.6201
330,260,175880,6,4158,12.6
331,260,176140,6,4164,12.5801
332,260,176400,6,4170,12.5602
333,270,176670,7,4177,12.5435
334,270,176940,7,4184,12.5269
335,270,177210,7,4191,12.5104
336,270,177480,7,4198,12.494
337,290,177770,8,4206,12.4807
338,290,178060,8,4214,12.4675
339,290,178350,8,4222,12.4543
340,290,178640,8,4230,12.4412
341,290,178930,8,4238,12.4282
342,390,179320,9,4247,12.4181
343,390,179710,9,4256,12.4082
344,390,180100,9,4265,12.3983
345,390,180490,9,4274,12.3884
346,390,180880,9,4283,12.3786
347,390,181270,9,4292,12.3689
348,390,181660,9,4301,12.3592
349,390,182050,9,4310,12.3496
350,390,182440,9,4319,12.34
351,520,182960,12,4331,12.339
352,520,183480,12,4343,12.3381
353,520,184000,12,4355,12.3371
354,520,184520,12,4367,12.3362
355,520,185040,12,4379,12.3352
356,520,185560,12,4391,12.3343
357,520,186080,12,4403,12.3333
358,520,186600,12,4415,12.3324
359,520,187120,12,4427,12.3315
360,530,187650,13,4440,12.3333
361,530,188180,13,4453,12.3352
362,530,188710,13,4466,12.337
363,530,189240,13,4479,12.3388
364,530,189770,13,4492,12.3407
365,550,190320,14,4506,12.3452
366,550,190870,14,4520,12.3497
367,550,191420,14,4534,12.3542
368,550,191970,14,4548,12.3587
369,550,192520,14,4562,12.3631
370,650,193170,15,4577,12.3703
371,650,193820,15,4592,12.3774
372,650,194470,15,4607,12.3844
373,650,195120,15,4622,12.3914
374,650,195770,15,4637,12.3984
375,650,196420,15,4652,12.4053
376,650,197070,15,4667,12.4122
377,650,197720,15,4682,12.4191
378,650,198370,15,4697,12.4259
379,650,199020,15,4712,12.4327
380,650,199670,15,4727,12.4395
381,780,200450,18,4745,12.4541
382,780,201230,18,4763,12.4686
383,780,202010,18,4781,12.483
384,780,202790,18,4799,12.4974
385,780,203570,18,4817,12.5117
386,780,204350,18,4835,12.5259
387,780,205130,18,4853,12.5401
388,780,205910,18,4871,12.5541
389,780,206690,18,4889,12.5681
390,780,207470,18,4907,12.5821
391,780,208250,18,4925,12.5959
392,780,209030,18,4943,12.6097
393,780,209810,18,4961,12.6234
394,780,210590,18,4979,12.6371
395,790,211380,19,4998,12.6532
396,790,212170,19,5017,12.6692
397,790,212960,19,5036,12.6851
398,790,213750,19,5055,12.701
399,790,214540,19,5074,12.7168
400,790,215330,19,5093,12.7325
401,790,216120,19,5112,12.7481
402,810,216930,20,5132,12.7662
403,810,217740,20,5152,12.7841
404,810,218550,20,5172,12.802
405,810,219360,20,5192,12.8198
406,810,220170,20,5212,12.8374
407,810,220980,20,5232,12.855
408,810,221790,20,5252,12.8725
409,810,222600,20,5272,12.89
410,810,223410,20,5292,12.9073
411,910,224320,21,5313,12.927
412,910,225230,21,5334,12.9466
413,910,226140,21,5355,12.9661
414,910,227050,21,5376,12.9855
415,910,227960,21,5397,13.0048
416,910,228870,21,5418,13.024
417,910,229780,21,5439,13.0432
418,910,230690,21,5460,13.0622
419,910,231600,21,5481,13.0811
420,910,232510,21,5502,13.1
421,910,233420,21,5523,13.1188
422,910,234330,21,5544,13.1374
423,910,235240,21,5565,13.156
424,910,236150,21,5586,13.1745
425,910,237060,21,5607,13.1929
426,910,237970,21,5628,13.2113
427,910,238880,21,5649,13.2295
428,910,239790,21,5670,13.2477
429,910,240700,21,5691,13.2657
430,910,241610,21,5712,13.2837
431,910,242520,21,5733,13.3016
432,910,243430,21,5754,13.3194
433,910,244340,21,5775,13.3372
434,910,245250,21,5796,13.3548
435,910,246160,21,5817,13.3724
436,910,247070,21,5838,13.3899
437,910,247980,21,5859,13.4073
438,910,248890,21,5880,13.4247
439,910,249800,21,5901,13.4419
440,910,250710,21,5922,13.4591
441,910,251620,21,5943,13.4762
442,910,252530,21,5964,13.4932
443,910,253440,21,5985,13.5102
444,910,254350,21,6006,13.527
445,910,255260,21,6027,13.5438
446,910,256170,21,6048,13.5605
447,910,257080,21,6069,13.5772
448,910,257990,21,6090,13.5938
449,910,258900,21,6111,13.6102
450,1040,259940,24,6135,13.6333
451,910,260850,21,6156,13.6497
452,910,261760,21,6177,13.6659
453,910,262670,21,6198,13.6821
454,910,263580,21,6219,13.6982
455,910,264490,21,6240,13.7143
456,910,265400,21,6261,13.7303
457,910,266310,21,6282,13.7462
458,910,267220,21,6303,13.762
459,910,268130,21,6324,13.7778
460,910,269040,21,6345,13.7935
461,910,269950,21,6366,13.8091
462,910,270860,21,6387,13.8247
463,910,271770,21,6408,13.8402
464,910,272680,21,6429,13.8556
465,910,273590,21,6450,13.871
466,910,274500,21,6471,13.8863
467,910,275410,21,6492,13.9015
468,910,276320,21,6513,13.9167
469,910,277230,21,6534,13.9318
470,910,278140,21,6555,13.9468
471,910,279050,21,6576,13.9618
472,910,279960,21,6597,13.9767
473,910,280870,21,6618,13.9915
474,910,281780,21,6639,14.0063
475,910,282690,21,6660,14.0211
476,910,283600,21,6681,14.0357
477,910,284510,21,6702,14.0503
478,910,285420,21,6723,14.0649
479,910,286330,21,6744,14.0793
480,910,287240,21,6765,14.0938
481,910,288150,21,6786,14.1081
482,910,289060,21,6807,14.1224
483,910,289970,21,6828,14.1366
484,910,290880,21,6849,14.1508
485,910,291790,21,6870,14.1649
486,910,292700,21,6891,14.179
487,910,293610,21,6912,14.193
488,910,294520,21,6933,14.207
489,910,295430,21,6954,14.2209
490,810,296240,20,6974,14.2327
491,810,297050,20,6994,14.2444
492,810,297860,20,7014,14.2561
493,810,298670,20,7034,14.2677
494,810,299480,20,7054,14.2794
495,810,300290,20,7074,14.2909
496,810,301100,20,7094,14.3024
497,810,301910,20,7114,14.3139
498,810,302720,20,7134,14.3253
499,790,303510,19,7153,14.3347
500,790,304300,19,7172,14.344
501,790,305090,19,7191,14.3533
502,790,305880,19,7210,14.3625
503,790,306670,19,7229,14.3718
504,790,307460,19,7248,14.381
505,790,308250,19,7267,14.3901
506,780,309030,18,7285,14.3972
507,780,309810,18,7303,14.4043
508,780,310590,18,7321,14.4114
509,780,311370,18,7339,14.4185
510,780,312150,18,7357,14.4255
511,780,312930,18,7375,14.4325
512,780,313710,18,7393,14.4395
513,780,314490,18,7411,14.4464
514,780,315270,18,7429,14.4533
515,780,316050,18,7447,14.4602
516,780,316830,18,7465,14.4671
517,780,317610,18,7483,14.4739
518,780,318390,18,7501,14.4807
519,780,319170,18,7519,14.4875
520,650,319820,15,7534,14.4885
521,650,320470,15,7549,14.4894
522,650,321120,15,7564,14.4904
523,650,321770,15,7579,14.4914
524,650,322420,15,7594,14.4924
525,650,323070,15,7609,14.4933
526,650,323720,15,7624,14.4943
527,650,324370,15,7639,14.4953
528,650,325020,15,7654,14.4962
529,650,325670,15,7669,14.4972
530,650,326320,15,7684,14.4981
531,550,326870,14,7698,14.4972
532,550,327420,14,7712,14.4962
533,550,327970,14,7726,14.4953
534,550,328520,14,7740,14.4944
535,550,329070,14,7754,14.4935
536,530,329600,13,7767,14.4907
537,530,330130,13,7780,14.4879
538,530,330660,13,7793,14.4851
539,530,331190,13,7806,14.4824
540,530,331720,13,7819,14.4796
541,520,332240,12,7831,14.475
542,520,332760,12,7843,14.4705
543,520,333280,12,7855,14.4659
544,520,333800,12,7867,14.4614
545,520,334320,12,7879,14.4569
546,520,334840,12,7891,14.4524
547,520,335360,12,7903,14.4479
548,520,335880,12,7915,14.4434
549,520,336400,12,7927,14.439
550,520,336920,12,7939,14.4345
551,390,337310,9,7948,14.4247
552,390,337700,9,7957,14.4149
553,390,338090,9,7966,14.4051
554,390,338480,9,7975,14.3953
555,390,338870,9,7984,14.3856
556,390,339260,9,7993,14.3759
557,390,339650,9,8002,14.3662
558,390,340040,9,8011,14.3566
559,290,340330,8,8019,14.3453
560,290,340620,8,8027,14.3339
561,290,340910,8,8035,14.3226
562,290,341200,8,8043,14.3114
563,290,341490,8,8051,14.3002
564,270,341760,7,8058,14.2872
565,270,342030,7,8065,14.2743
566,270,342300,7,8072,14.2615
567,270,342570,7,8079,14.2487
568,260,342830,6,8085,14.2342
569,260,343090,6,8091,14.2197
570,260,343350,6,8097,14.2053
571,260,343610,6,8103,14.1909
572,260,343870,6,8109,14.1766
573,260,344130,6,8115,14.1623
574,260,344390,6,8121,14.1481
575,260,344650,6,8127,14.1339
576,130,344780,3,8130,14.1146
577,130,344910,3,8133,14.0953
578,130,345040,3,8136,14.0761
579,130,345170,3,8139,14.057
580,130,345300,3,8142,14.0379
581,130,345430,3,8145,14.0189
582,130,345560,3,8148,14
583,130,345690,3,8151,13.9811
584,130,345820,3,8154,13.9623
585,30,345850,2,8156,13.9419
586,30,345880,2,8158,13.9215
587,30,345910,2,8160,13.9012
588,30,345940,2,8162,13.881
589,10,345950,1,8163,13.8591
590,10,345960,1,8164,13.8373
591,10,345970,1,8165,13.8156
592,10,345980,1,8166,13.7939
593,0,345980,0,8166,13.7707
594,0,345980,0,8166,13.7475
595,0,345980,0,8166,13.7244
596,0,345980,0,8166,13.7013
597,0,345980,0,8166,13.6784
598,0,345980,0,8166,13.6555
599,0,345980,0,8166,13.6327
600,0,345980,0,8166,13.61
601,0,345980,0,8166,13.5874
602,0,345980,0,8166,13.5648
603,0,345980,0,8166,13.5423
604,0,345980,0,8166,13.5199
605,0,345980,0,8166,13.4975
606,0,345980,0,8166,13.4752
607,0,345980,0,8166,13.453
608,10,345990,1,8167,13.4326
609,10,346000,1,8168,13.4122
610,10,346010,1,8169,13.3918
611,10,346020,1,8170,13.3715
612,30,346050,2,8172,13.3529
613,30,346080,2,8174,13.3344
614,30,346110,2,8176,13.316
615,30,346140,2,8178,13.2976
616,130,346270,3,8181,13.2808
617,130,346400,3,8184,13.2642
618,130,346530,3,8187,13.2476
619,130,346660,3,8190,13.231
620,130,346790,3,8193,13.2145
621,130,346920,3,8196,13.1981
622,130,347050,3,8199,13.1817
623,130,347180,3,8202,13.1653
624,130,347310,3,8205,13.149
625,260,347570,6,8211,13.1376
626,260,347830,6,8217,13.1262
627,260,348090,6,8223,13.1148
628,260,348350,6,8229,13.1035
629,260,348610,6,8235,13.0922
630,260,348870,6,8241,13.081
631,260,349130,6,8247,13.0697
632,260,349390,6,8253,13.0585
633,270,349660,7,8260,13.049
634,270,349930,7,8267,13.0394
635,270,350200,7,8274,13.0299
636,270,350470,7,8281,13.0204
637,290,350760,8,8289,13.0126
638,290,351050,8,8297,13.0047
639,290,351340,8,8305,12.9969
640,290,351630,8,8313,12.9891
641,290,351920,8,8321,12.9813
642,390,352310,9,8330,12.9751
643,390,352700,9,8339,12.9689
644,390,353090,9,8348,12.9627
645,390,353480,9,8357,12.9566
646,390,353870,9,8366,12.9505
647,390,354260,9,8375,12.9444
648,390,354650,9,8384,12.9383
649,390,355040,9,8393,12.9322
650,390,355430,9,8402,12.9262
651,520,355950,12,8414,12.9247
652,520,356470,12,8426,12.9233
653,520,356990,12,8438,12.9219
654,520,357510,12,8450,12.9205
655,520,358030,12,8462,12.9191
656,520,358550,12,8474,12.9177
657,520,359070,12,8486,12.9163
658,520,359590,12,8498,12.9149
659,520,360110,12,8510,12.9135
660,530,360640,13,8523,12.9136
661,530,361170,13,8536,12.9138
662,530,361700,13,8549,12.9139
663,530,362230,13,8562,12.914
664,530,362760,13,8575,12.9142
665,550,363310,14,8589,12.9158
666,550,363860,14,8603,12.9174
667,550,364410,14,8617,12.919
668,550,364960,14,8631,12.9207
669,550,365510,14,8645,12.9223
670,650,366160,15,8660,12.9254
671,650,366810,15,8675,12.9285
672,650,367460,15,8690,12.9315
673,650,368110,15,8705,12.9346
674,650,368760,15,8720,12.9377
675,650,369410,15,8735,12.9407
676,650,370060,15,8750,12.9438
677,650,370710,15,8765,12.9468
678,650,371360,15,8780,12.9499
679,650,372010,15,8795,12.9529
680,650,372660,15,8810,12.9559
681,780,373440,18,8828,12.9633
682,780,374220,18,8846,12.9707
683,780,375000,18,8864,12.978
684,780,375780,18,8882,12.9854
685,780,376560,18,8900,12.9927
686,780,377340,18,8918,13
687,780,378120,18,8936,13.0073
688,780,378900,18,8954,13.0145
689,780,379680,18,8972,13.0218
690,780,380460,18,8990,13.029
691,780,381240,18,9008,13.0362
692,780,382020,18,9026,13.0434
693,780,382800,18,9044,13.0505
694,780,383580,18,9062,13.0576
695,790,384370,19,9081,13.0662
696,790,385160,19,9100,13.0747
697,790,385950,19,9119,13.0832
698,790,386740,19,9138,13.0917
699,790,387530,19,9157,13.1001
700,790,388320,19,9176,13.1086
701,790,389110,19,9195,13.117
702,810,389920,20,9215,13.1268
703,810,390730,20,9235,13.1366
704,810,391540,20,9255,13.1463
705,810,392350,20,9275,13.156
706,810,393160,20,9295,13.1657
707,810,393970,20,9315,13.1754
708,810,394780,20,9335,13.185
709,810,395590,20,9355,13.1946
710,810,396400,20,9375,13.2042
711,910,397310,21,9396,13.2152
712,910,398220,21,9417,13.2261
713,910,399130,21,9438,13.237
714,910,400040,21,9459,13.2479
715,910,400950,21,9480,13.2587
716,910,401860,21,9501,13.2696
717,910,402770,21,9522,13.2803
718,910,403680,21,9543,13.2911
719,910,404590,21,9564,13.3018
720,910,405500,21,9585,13.3125
721,910,406410,21,9606,13.3232
722,910,407320,21,9627,13.3338
723,910,408230,21,9648,13.3444
724,910,409140,21,9669,13.355
725,910,410050,21,9690,13.3655
726,910,410960,21,9711,13.376
727,910,411870,21,9732,13.3865
728,910,412780,21,9753,13.397
729,910,413690,21,9774,13.4074
730,910,414600,21,9795,13.4178
731,910,415510,21,9816,13.4282
732,910,416420,21,9837,13.4385
733,910,417330,21,9858,13.4488
734,910,418240,21,9879,13.4591
735,910,419150,21,9900,13.4694
736,910,420060,21,9921,13.4796
737,910,420970,21,9942,13.4898
738,910,421880,21,9963,13.5
739,910,422790,21,9984,13.5101
740,910,423700,21,10005,13.5203
741,910,424610,21,10026,13.5304
742,910,425520,21,10047,13.5404
743,910,426430,21,10068,13.5505
744,910,427340,21,10089,13.5605
745,910,428250,21,10110,13.5705
746,910,429160,21,10131,13.5804
747,910,430070,21,10152,13.5904
748,910,430980,21,10173,13.6003
749,910,431890,21,10194,13.6101
750,1040,432930,24,10218,13.624
751,910,433840,21,10239,13.6338
752,910,434750,21,10260,13.6436
753,910,435660,21,10281,13.6534
754,910,436570,21,10302,13.6631
755,910,437480,21,10323,13.6728
756,910,438390,21,10344,13.6825
757,910,439300,21,10365,13.6922
758,910,440210,21,10386,13.7018
759,910,441120,21,10407,13.7115
760,910,442030,21,10428,13.7211
761,910,442940,21,10449,13.7306
762,910,443850,21,10470,13.7402
763,910,444760,21,10491,13.7497
764,910,445670,21,10512,13.7592
765,910,446580,21,10533,13.7686
766,910,447490,21,10554,13.7781
767,910,448400,21,10575,13.7875
768,910,449310,21,10596,13.7969
769,910,450220,21,10617,13.8062
770,910,451130,21,10638,13.8156
771,910,452040,21,10659,13.8249
772,910,452950,21,10680,13.8342
773,910,453860,21,10701,13.8435
774,910,454770,21,10722,13.8527
775,910,455680,21,10743,13.8619
776,910,456590,21,10764,13.8711
777,910,457500,21,10785,13.8803
778,910,458410,21,10806,13.8895
779,910,459320,21,10827,13.8986
780,910,460230,21,10848,13.9077
781,910,461140,21,10869,13.9168
782,910,462050,21,10890,13.9258
783,910,462960,21,10911,13.9349
784,910,463870,21,10932,13.9439
785,910,464780,21,10953,13.9529
786,910,465690,21,10974,13.9618
787,910,466600,21,10995,13.9708
788,910,467510,21,11016,13.9797
789,910,468420,21,11037,13.9886
790,810,469230,20,11057,13.9962
791,810,470040,20,11077,14.0038
792,810,470850,20,11097,14.0114
793,810,471660,20,11117,14.0189
794,810,472470,20,11137,14.0264
795,810,473280,20,11157,14.034
796,810,474090,20,11177,14.0415
797,810,474900,20,11197,14.0489
798,810,475710,20,11217,14.0564
799,790,476500,19,11236,14.0626
800,790,477290,19,11255,14.0687
801,790,478080,19,11274,14.0749
802,790,478870,19,11293,14.081
803,790,479660,19,11312,14.0872
804,790,480450,19,11331,14.0933
805,790,481240,19,11350,14.0994
806,780,482020,18,11368,14.1042
807,780,482800,18,11386,14.109
808,780,483580,18,11404,14.1139
809,780,484360,18,11422,14.1187
810,780,485140,18,11440,14.1235
811,780,485920,18,11458,14.1282
812,780,486700,18,11476,14.133
813,780,487480,18,11494,14.1378
814,780,488260,18,11512,14.1425
815,780,489040,18,11530,14.1472
816,780,489820,18,11548,14.152
817,780,490600,18,11566,14.1567
818,780,491380,18,11584,14.1614
819,780,492160,18,11602,14.1661
820,650,492810,15,11617,14.1671
821,650,493460,15,11632,14.1681
822,650,494110,15,11647,14.1691
823,650,494760,15,11662,14.1701
824,650,495410,15,11677,14.1711
825,650,496060,15,11692,14.1721
826,650,496710,15,11707,14.1731
827,650,497360,15,11722,14.1741
828,650,498010,15,11737,14.1751
829,650,498660,15,11752,14.1761
830,650,499310,15,11767,14.1771
831,550,499860,14,11781,14.1769
832,550,500410,14,11795,14.1767
833,550,500960,14,11809,14.1765
834,550,501510,14,11823,14.1763
835,550,502060,14,11837,14.176
836,530,502590,13,11850,14.1746
837,530,503120,13,11863,14.1732
838,530,503650,13,11876,14.1718
839,530,504180,13,11889,14.1704
840,530,504710,13,11902,14.169
841,520,505230,12,11914,14.1665
842,520,505750,12,11926,14.1639
843,520,506270,12,11938,14.1613
844,520,506790,12,11950,14.1588
845,520,507310,12,11962,14.1562
846,520,507830,12,11974,14.1537
847,520,508350,12,11986,14.1511
848,520,508870,12,11998,14.1486
849,520,509390,12,12010,14.1461
850,520,509910,12,12022,14.1435
851,390,510300,9,12031,14.1375
852,390,510690,9,12040,14.1315
853,390,511080,9,12049,14.1254
854,390,511470,9,12058,14.1194
855,390,511860,9,12067,14.1135
856,390,512250,9,12076,14.1075
857,390,512640,9,12085,14.1015
858,390,513030,9,12094,14.0956
859,290,513320,8,12102,14.0885
860,290,513610,8,12110,14.0814
861,290,513900,8,12118,14.0743
862,290,514190,8,12126,14.0673
863,290,514480,8,12134,14.0603
864,270,514750,7,12141,14.0521
865,270,515020,7,12148,14.0439
866,270,515290,7,12155,14.0358
867,270,515560,7,12162,14.0277
868,260,515820,6,12168,14.0184
869,260,516080,6,12174,14.0092
870,260,516340,6,12180,14
871,260,516600,6,12186,13.9908
872,260,516860,6,12192,13.9817
873,260,517120,6,12198,13.9725
874,260,517380,6,12204,13.9634
875,260,517640,6,12210,13.9543
876,130,517770,3,12213,13.9418
877,130,517900,3,12216,13.9293
878,130,518030,3,12219,13.9169
879,130,518160,3,12222,13.9044
880,130,518290,3,12225,13.892
881,130,518420,3,12228,13.8797
882,130,518550,3,12231,13.8673
883,130,518680,3,12234,13.855
884,130,518810,3,12237,13.8428
885,30,518840,2,12239,13.8294
886,30,518870,2,12241,13.816
887,30,518900,2,12243,13.8027
888,30,518930,2,12245,13.7894
889,10,518940,1,12246,13.775
890,10,518950,1,12247,13.7607
891,10,518960,1,12248,13.7464
892,10,518970,1,12249,13.7321
893,0,518970,0,12249,13.7167
894,0,518970,0,12249,13.7013
895,0,518970,0,12249,13.686
896,0,518970,0,12249,13.6708
897,0,518970,0,12249,13.6555
898,0,518970,0,12249,13.6403
899,0,518970,0,12249,13.6251
900,0,518970,0,12249,13.61
901,0,518970,0,12249,13.5949
902,0,518970,0,12249,13.5798
903,0,518970,0,12249,13.5648
904,0,518970,0,12249,13.5498
905,0,518970,0,12249,13.5348
906,0,518970,0,12249,13.5199
907,0,518970,0,12249,13.505
908,10,518980,1,12250,13.4912
909,10,518990,1,12251,13.4774
910,10,519000,1,12252,13.4637
911,10,519010,1,12253,13.4501
912,30,519040,2,12255,13.4375
913,30,519070,2,12257,13.425
914,30,519100,2,12259,13.4125
915,30,519130,2,12261,13.4
916,130,519260,3,12264,13.3886
917,130,519390,3,12267,13.3773
918,130,519520,3,12270,13.366
919,130,519650,3,12273,13.3547
920,130,519780,3,12276,13.3435
921,130,519910,3,12279,13.3322
922,130,520040,3,12282,13.321
923,130,520170,3,12285,13.3099
924,130,520300,3,12288,13.2987
925,260,520560,6,12294,13.2908
926,260,520820,6,12300,13.2829
927,260,521080,6,12306,13.2751
928,260,521340,6,12312,13.2672
929,260,521600,6,12318,13.2594
930,260,521860,6,12324,13.2516
931,260,522120,6,12330,13.2438
932,260,522380,6,12336,13.2361
933,270,522650,7,12343,13.2294
934,270,522920,7,12350,13.2227
935,270,523190,7,12357,13.216
936,270,523460,7,12364,13.2094
937,290,523750,8,12372,13.2038
938,290,524040,8,12380,13.1983
939,290,524330,8,12388,13.1928
940,290,524620,8,12396,13.1872
941,290,524910,8,12404,13.1817
942,390,525300,9,12413,13.1773
943,390,525690,9,12422,13.1729
944,390,526080,9,12431,13.1684
945,390,526470,9,12440,13.164
946,390,526860,9,12449,13.1596
947,390,527250,9,12458,13.1552
948,390,527640,9,12467,13.1508
949,390,528030,9,12476,13.1465
950,390,528420,9,12485,13.1421
951,520,528940,12,12497,13.1409
952,520,529460,12,12509,13.1397
953,520,529980,12,12521,13.1385
954,520,530500,12,12533,13.1373
955,520,531020,12,12545,13.1361
956,520,531540,12,12557,13.1349
957,520,532060,12,12569,13.1338
958,520,532580,12,12581,13.1326
959,520,533100,12,12593,13.1314
960,530,533630,13,12606,13.1312
961,530,534160,13,12619,13.1311
962,530,534690,13,12632,13.131
963,530,535220,13,12645,13.1308
964,530,535750,13,12658,13.1307
965,550,536300,14,12672,13.1316
966,550,536850,14,12686,13.1325
967,550,537400,14,12700,13.1334
968,550,537950,14,12714,13.1343
969,550,538500,14,12728,13.1352
970,650,539150,15,12743,13.1371
971,650,539800,15,12758,13.139
972,650,540450,15,12773,13.1409
973,650,541100,15,12788,13.1429
974,650,541750,15,12803,13.1448
975,650,542400,15,12818,13.1467
976,650,543050,15,12833,13.1486
977,650,543700,15,12848,13.1505
978,650,544350,15,12863,13.1524
979,650,545000,15,12878,13.1542
980,650,545650,15,12893,13.1561
981,780,546430,18,12911,13.1611
982,780,547210,18,12929,13.166
983,780,547990,18,12947,13.1709
984,780,548770,18,12965,13.1758
985,780,549550,18,12983,13.1807
986,780,550330,18,13001,13.1856
987,780,551110,18,13019,13.1905
988,780,551890,18,13037,13.1953
989,780,552670,18,13055,13.2002
990,780,553450,18,13073,13.2051
991,780,554230,18,13091,13.2099
992,780,555010,18,13109,13.2147
993,780,555790,18,13127,13.2195
994,780,556570,18,13145,13.2243
995,790,557360,19,13164,13.2302
996,790,558150,19,13183,13.2359
997,790,558940,19,13202,13.2417
998,790,559730,19,13221,13.2475
999,790,560520,19,13240,13.2533
1000,790,561310,19,13259,13.259
1001,790,562100,19,13278,13.2647
1002,810,562910,20,13298,13.2715
1003,810,563720,20,13318,13.2782
1004,810,564530,20,13338,13.2849
1005,810,565340,20,13358,13.2915
1006,810,566150,20,13378,13.2982
1007,810,566960,20,13398,13.3049
1008,810,567770,20,13418,13.3115
1009,810,568580,20,13438,13.3181
1010,810,569390,20,13458,13.3248
1011,910,570300,21,13479,13.3323
1012,910,571210,21,13500,13.3399
1013,910,572120,21,13521,13.3475
1014,910,573030,21,13542,13.355
1015,910,573940,21,13563,13.3626
1016,910,574850,21,13584,13.3701
1017,910,575760,21,13605,13.3776
1018,910,576670,21,13626,13.3851
1019,910,577580,21,13647,13.3925
1020,910,578490,21,13668,13.4
1021,910,579400,21,13689,13.4074
1022,910,580310,21,13710,13.4149
1023,910,581220,21,13731,13.4223
1024,910,582130,21,13752,13.4297
1025,910,583040,21,13773,13.4371
1026,910,583950,21,13794,13.4444
1027,910,584860,21,13815,13.4518
1028,910,585770,21,13836,13.4591
1029,910,586680,21,13857,13.4665
1030,910,587590,21,13878,13.4738
1031,910,588500,21,13899,13.4811
1032,910,589410,21,13920,13.4884
1033,910,590320,21,13941,13.4956
1034,910,591230,21,13962,13.5029
1035,910,592140,21,13983,13.5101
1036,910,593050,21,14004,13.5174
1037,910,593960,21,14025,13.5246
1038,910,594870,21,14046,13.5318
1039,910,595780,21,14067,13.539
1040,910,596690,21,14088,13.5462
1041,910,597600,21,14109,13.5533
1042,910,598510,21,14130,13.5605
1043,910,599420,21,14151,13.5676
1044,910,600330,21,14172,13.5747
1045,910,601240,21,14193,13.5818
1046,910,602150,21,14214,13.5889
1047,910,603060,21,14235,13.596
1048,910,603970,21,14256,13.6031
1049,910,604880,21,14277,13.6101
1050,1040,605920,24,14301,13.62
1051,910,606830,21,14322,13.627
1052,910,607740,21,14343,13.634
1053,910,608650,21,14364,13.641
1054,910,609560,21,14385,13.648
1055,910,610470,21,14406,13.655
1056,910,611380,21,14427,13.6619
1057,910,612290,21,14448,13.6689
1058,910,613200,21,14469,13.6758
1059,910,614110,21,14490,13.6827
1060,910,615020,21,14511,13.6896
1061,910,615930,21,14532,13.6965
1062,910,616840,21,14553,13.7034
1063,910,617750,21,14574,13.7103
1064,910,618660,21,14595,13.7171
1065,910,619570,21,14616,13.7239
1066,910,620480,21,14637,13.7308
1067,910,621390,21,14658,13.7376
1068,910,622300,21,14679,13.7444
1069,910,623210,21,14700,13.7512
1070,910,624120,21,14721,13.7579
1071,910,625030,21,14742,13.7647
1072,910,625940,21,14763,13.7715
1073,910,626850,21,14784,13.7782
1074,910,627760,21,14805,13.7849
1075,910,628670,21,14826,13.7916
1076,910,629580,21,14847,13.7983
1077,910,630490,21,14868,13.805
1078,910,631400,21,14889,13.8117
1079,910,632310,21,14910,13.8184
1080,910,633220,21,14931,13.825
1081,910,634130,21,14952,13.8316
1082,910,635040,21,14973,13.8383
1083,910,635950,21,14994,13.8449
1084,910,636860,21,15015,13.8515
1085,910,637770,21,15036,13.8581
1086,910,638680,21,15057,13.8646
1087,910,639590,21,15078,13.8712
1088,910,640500,21,15099,13.8778
1089,910,641410,21,15120,13.8843
1090,810,642220,20,15140,13.8899
1091,810,643030,20,15160,13.8955
1092,810,643840,20,15180,13.9011
1093,810,644650,20,15200,13.9067
1094,810,645460,20,15220,13.9122
1095,810,646270,20,15240,13.9178
1096,810,647080,20,15260,13.9234
1097,810,647890,20,15280,13.9289
1098,810,648700,20,15300,13.9344
1099,790,649490,19,15319,13.939
1100,790,650280,19,15338,13.9436
1101,790,651070,19,15357,13.9482
1102,790,651860,19,15376,13.9528
1103,790,652650,19,15395,13.9574
1104,790,653440,19,15414,13.962
1105,790,654230,19,15433,13.9665
1106,780,655010,18,15451,13.9702
1107,780,655790,18,15469,13.9738
1108,780,656570,18,15487,13.9774
1109,780,657350,18,15505,13.9811
1110,780,658130,18,15523,13.9847
1111,780,658910,18,15541,13.9883
1112,780,659690,18,15559,13.9919
1113,780,660470,18,15577,13.9955
1114,780,661250,18,15595,13.9991
1115,780,662030,18,15613,14.0027
1116,780,662810,18,15631,14.0063
1117,780,663590,18,15649,14.0098
1118,780,664370,18,15667,14.0134
1119,780,665150,18,15685,14.017
1120,650,665800,15,15700,14.0179
1121,650,666450,15,15715,14.0187
1122,650,667100,15,15730,14.0196
1123,650,667750,15,15745,14.0205
1124,650,668400,15,15760,14.0214
1125,650,669050,15,15775,14.0222
1126,650,669700,15,15790,14.0231
1127,650,670350,15,15805,14.024
1128,650,671000,15,15820,14.0248
1129,650,671650,15,15835,14.0257
1130,650,672300,15,15850,14.0265
1131,550,672850,14,15864,14.0265
1132,550,673400,14,15878,14.0265
1133,550,673950,14,15892,14.0265
1134,550,674500,14,15906,14.0265
1135,550,675050,14,15920,14.0264
1136,530,675580,13,15933,14.0255
1137,530,676110,13,15946,14.0246
1138,530,676640,13,15959,14.0237
1139,530,677170,13,15972,14.0228
1140,530,677700,13,15985,14.0219
1141,520,678220,12,15997,14.0202
1142,520,678740,12,16009,14.0184
1143,520,679260,12,16021,14.0166
1144,520,679780,12,16033,14.0149
1145,520,680300,12,16045,14.0131
1146,520,680820,12,16057,14.0113
1147,520,681340,12,16069,14.0096
1148,520,681860,12,16081,14.0078
1149,520,682380,12,16093,14.0061
1150,520,682900,12,16105,14.0043
1151,390,683290,9,16114,14
1152,390,683680,9,16123,13.9957
1153,390,684070,9,16132,13.9913
1154,390,684460,9,16141,13.987
1155,390,684850,9,16150,13.9827
1156,390,685240,9,16159,13.9784
1157,390,685630,9,16168,13.9741
1158,390,686020,9,16177,13.9698
1159,290,686310,8,16185,13.9646
1160,290,686600,8,16193,13.9595
1161,290,686890,8,16201,13.9543
1162,290,687180,8,16209,13.9492
1163,290,687470,8,16217,13.9441
1164,270,687740,7,16224,13.9381
1165,270,688010,7,16231,13.9322
1166,270,688280,7,16238,13.9262
1167,270,688550,7,16245,13.9203
1168,260,688810,6,16251,13.9135
1169,260,689070,6,16257,13.9068
1170,260,689330,6,16263,13.9
1171,260,689590,6,16269,13.8933
1172,260,689850,6,16275,13.8865
1173,260,690110,6,16281,13.8798
1174,260,690370,6,16287,13.8731
1175,260,690630,6,16293,13.8664
1176,130,690760,3,16296,13.8571
1177,130,690890,3,16299,13.8479
1178,130,691020,3,16302,13.8387
1179,130,691150,3,16305,13.8295
1180,130,691280,3,16308,13.8203
1181,130,691410,3,16311,13.8112
1182,130,691540,3,16314,13.802
1183,130,691670,3,16317,13.7929
1184,130,691800,3,16320,13.7838
1185,30,691830,2,16322,13.7738
1186,30,691860,2,16324,13.7639
1187,30,691890,2,16326,13.754
1188,30,691920,2,16328,13.7441
1189,10,691930,1,16329,13.7334
1190,10,691940,1,16330,13.7227
1191,10,691950,1,16331,13.712
1192,10,691960,1,16332,13.7013
1193,0,691960,0,16332,13.6899
1194,0,691960,0,16332,13.6784
1195,0,691960,0,16332,13.6669
1196,0,691960,0,16332,13.6555
1197,0,691960,0,16332,13.6441
1198,0,691960,0,16332,13.6327
1199,0,691960,0,16332,13.6214
